set title "T = 0.000000 [niter = 0]"
set size square
set key off
set pm3d map
set palette defined (-3 "blue", 0 "white", 1 "red")
splot [0:101] [0:51][0.000000:1.000000] "-"
0 0 0.000000
1 0 0.000000
2 0 0.000000
3 0 0.000000
4 0 0.000000
5 0 0.000000
6 0 0.000000
7 0 0.000000
8 0 0.000000
9 0 0.000000
10 0 0.000000
11 0 0.000000
12 0 0.000000
13 0 0.000000
14 0 0.000000
15 0 0.000000
16 0 0.000000
17 0 0.000000
18 0 0.000000
19 0 0.000000
20 0 0.000000
21 0 0.000000
22 0 0.000000
23 0 0.000000
24 0 0.000000
25 0 0.000000
26 0 0.000000
27 0 0.000000
28 0 0.000000
29 0 0.000000
30 0 0.000000
31 0 0.000000
32 0 0.000000
33 0 0.000000
34 0 0.000000
35 0 0.000000
36 0 0.000000
37 0 0.000000
38 0 0.000000
39 0 0.000000
40 0 0.000000
41 0 0.000000
42 0 0.000000
43 0 0.000000
44 0 0.000000
45 0 0.000000
46 0 0.000000
47 0 0.000000
48 0 0.000000
49 0 0.000000
50 0 0.000000
51 0 0.000000

0 1 0.000000
1 1 0.000000
2 1 0.000000
3 1 0.000000
4 1 0.000000
5 1 0.000000
6 1 0.000000
7 1 0.000000
8 1 0.000000
9 1 0.000000
10 1 0.000000
11 1 0.000000
12 1 0.000000
13 1 0.000000
14 1 0.000000
15 1 0.000000
16 1 0.000000
17 1 0.000000
18 1 0.000000
19 1 0.000000
20 1 0.000000
21 1 0.000000
22 1 0.000000
23 1 0.000000
24 1 0.000000
25 1 0.000000
26 1 0.000000
27 1 0.000000
28 1 0.000000
29 1 0.000000
30 1 0.000000
31 1 0.000000
32 1 0.000000
33 1 0.000000
34 1 0.000000
35 1 0.000000
36 1 0.000000
37 1 0.000000
38 1 0.000000
39 1 0.000000
40 1 0.000000
41 1 0.000000
42 1 0.000000
43 1 0.000000
44 1 0.000000
45 1 0.000000
46 1 0.000000
47 1 0.000000
48 1 0.000000
49 1 0.000000
50 1 0.000000
51 1 0.000000

0 2 0.000000
1 2 0.000000
2 2 0.000000
3 2 0.000000
4 2 0.000000
5 2 0.000000
6 2 0.000000
7 2 0.000000
8 2 0.000000
9 2 0.000000
10 2 0.000000
11 2 0.000000
12 2 0.000000
13 2 0.000000
14 2 0.000000
15 2 0.000000
16 2 0.000000
17 2 0.000000
18 2 0.000000
19 2 0.000000
20 2 0.000000
21 2 0.000000
22 2 0.000000
23 2 0.000000
24 2 0.000000
25 2 0.000000
26 2 0.000000
27 2 0.000000
28 2 0.000000
29 2 0.000000
30 2 0.000000
31 2 0.000000
32 2 0.000000
33 2 0.000000
34 2 0.000000
35 2 0.000000
36 2 0.000000
37 2 0.000000
38 2 0.000000
39 2 0.000000
40 2 0.000000
41 2 0.000000
42 2 0.000000
43 2 0.000000
44 2 0.000000
45 2 0.000000
46 2 0.000000
47 2 0.000000
48 2 0.000000
49 2 0.000000
50 2 0.000000
51 2 0.000000

0 3 0.000000
1 3 0.000000
2 3 0.000000
3 3 0.000000
4 3 0.000000
5 3 0.000000
6 3 0.000000
7 3 0.000000
8 3 0.000000
9 3 0.000000
10 3 0.000000
11 3 0.000000
12 3 0.000000
13 3 0.000000
14 3 0.000000
15 3 0.000000
16 3 0.000000
17 3 0.000000
18 3 0.000000
19 3 0.000000
20 3 0.000000
21 3 0.000000
22 3 0.000000
23 3 0.000000
24 3 0.000000
25 3 0.000000
26 3 0.000000
27 3 0.000000
28 3 0.000000
29 3 0.000000
30 3 0.000000
31 3 0.000000
32 3 0.000000
33 3 0.000000
34 3 0.000000
35 3 0.000000
36 3 0.000000
37 3 0.000000
38 3 0.000000
39 3 0.000000
40 3 0.000000
41 3 0.000000
42 3 0.000000
43 3 0.000000
44 3 0.000000
45 3 0.000000
46 3 0.000000
47 3 0.000000
48 3 0.000000
49 3 0.000000
50 3 0.000000
51 3 0.000000

0 4 0.000000
1 4 0.000000
2 4 0.000000
3 4 0.000000
4 4 0.000000
5 4 0.000000
6 4 0.000000
7 4 0.000000
8 4 0.000000
9 4 0.000000
10 4 0.000000
11 4 0.000000
12 4 0.000000
13 4 0.000000
14 4 0.000000
15 4 0.000000
16 4 0.000000
17 4 0.000000
18 4 0.000000
19 4 0.000000
20 4 0.000000
21 4 0.000000
22 4 0.000000
23 4 0.000000
24 4 0.000000
25 4 0.000000
26 4 0.000000
27 4 0.000000
28 4 0.000000
29 4 0.000000
30 4 0.000000
31 4 0.000000
32 4 0.000000
33 4 0.000000
34 4 0.000000
35 4 0.000000
36 4 0.000000
37 4 0.000000
38 4 0.000000
39 4 0.000000
40 4 0.000000
41 4 0.000000
42 4 0.000000
43 4 0.000000
44 4 0.000000
45 4 0.000000
46 4 0.000000
47 4 0.000000
48 4 0.000000
49 4 0.000000
50 4 0.000000
51 4 0.000000

0 5 0.000000
1 5 0.000000
2 5 0.000000
3 5 0.000000
4 5 0.000000
5 5 0.000000
6 5 0.000000
7 5 0.000000
8 5 0.000000
9 5 0.000000
10 5 0.000000
11 5 0.000000
12 5 0.000000
13 5 0.000000
14 5 0.000000
15 5 0.000000
16 5 0.000000
17 5 0.000000
18 5 0.000000
19 5 0.000000
20 5 0.000000
21 5 0.000000
22 5 0.000000
23 5 0.000000
24 5 0.000000
25 5 0.000000
26 5 0.000000
27 5 0.000000
28 5 0.000000
29 5 0.000000
30 5 0.000000
31 5 0.000000
32 5 0.000000
33 5 0.000000
34 5 0.000000
35 5 0.000000
36 5 0.000000
37 5 0.000000
38 5 0.000000
39 5 0.000000
40 5 0.000000
41 5 0.000000
42 5 0.000000
43 5 0.000000
44 5 0.000000
45 5 0.000000
46 5 0.000000
47 5 0.000000
48 5 0.000000
49 5 0.000000
50 5 0.000000
51 5 0.000000

0 6 0.000000
1 6 0.000000
2 6 0.000000
3 6 0.000000
4 6 0.000000
5 6 0.000000
6 6 0.000000
7 6 0.000000
8 6 0.000000
9 6 0.000000
10 6 0.000000
11 6 0.000000
12 6 0.000000
13 6 0.000000
14 6 0.000000
15 6 0.000000
16 6 0.000000
17 6 0.000000
18 6 0.000000
19 6 0.000000
20 6 0.000000
21 6 0.000000
22 6 0.000000
23 6 0.000000
24 6 0.000000
25 6 0.000000
26 6 0.000000
27 6 0.000000
28 6 0.000000
29 6 0.000000
30 6 0.000000
31 6 0.000000
32 6 0.000000
33 6 0.000000
34 6 0.000000
35 6 0.000000
36 6 0.000000
37 6 0.000000
38 6 0.000000
39 6 0.000000
40 6 0.000000
41 6 0.000000
42 6 0.000000
43 6 0.000000
44 6 0.000000
45 6 0.000000
46 6 0.000000
47 6 0.000000
48 6 0.000000
49 6 0.000000
50 6 0.000000
51 6 0.000000

0 7 0.000000
1 7 0.000000
2 7 0.000000
3 7 0.000000
4 7 0.000000
5 7 0.000000
6 7 0.000000
7 7 0.000000
8 7 0.000000
9 7 0.000000
10 7 0.000000
11 7 0.000000
12 7 0.000000
13 7 0.000000
14 7 0.000000
15 7 0.000000
16 7 0.000000
17 7 0.000000
18 7 0.000000
19 7 0.000000
20 7 0.000000
21 7 0.000000
22 7 0.000000
23 7 0.000000
24 7 0.000000
25 7 0.000000
26 7 0.000000
27 7 0.000000
28 7 0.000000
29 7 0.000000
30 7 0.000000
31 7 0.000000
32 7 0.000000
33 7 0.000000
34 7 0.000000
35 7 0.000000
36 7 0.000000
37 7 0.000000
38 7 0.000000
39 7 0.000000
40 7 0.000000
41 7 0.000000
42 7 0.000000
43 7 0.000000
44 7 0.000000
45 7 0.000000
46 7 0.000000
47 7 0.000000
48 7 0.000000
49 7 0.000000
50 7 0.000000
51 7 0.000000

0 8 0.000000
1 8 0.000000
2 8 0.000000
3 8 0.000000
4 8 0.000000
5 8 0.000000
6 8 0.000000
7 8 0.000000
8 8 0.000000
9 8 0.000000
10 8 0.000000
11 8 0.000000
12 8 0.000000
13 8 0.000000
14 8 0.000000
15 8 0.000000
16 8 0.000000
17 8 0.000000
18 8 0.000000
19 8 0.000000
20 8 0.000000
21 8 0.000000
22 8 0.000000
23 8 0.000000
24 8 0.000000
25 8 0.000000
26 8 0.000000
27 8 0.000000
28 8 0.000000
29 8 0.000000
30 8 0.000000
31 8 0.000000
32 8 0.000000
33 8 0.000000
34 8 0.000000
35 8 0.000000
36 8 0.000000
37 8 0.000000
38 8 0.000000
39 8 0.000000
40 8 0.000000
41 8 0.000000
42 8 0.000000
43 8 0.000000
44 8 0.000000
45 8 0.000000
46 8 0.000000
47 8 0.000000
48 8 0.000000
49 8 0.000000
50 8 0.000000
51 8 0.000000

0 9 0.000000
1 9 0.000000
2 9 0.000000
3 9 0.000000
4 9 0.000000
5 9 0.000000
6 9 0.000000
7 9 0.000000
8 9 0.000000
9 9 0.000000
10 9 0.000000
11 9 0.000000
12 9 0.000000
13 9 0.000000
14 9 0.000000
15 9 0.000000
16 9 0.000000
17 9 0.000000
18 9 0.000000
19 9 0.000000
20 9 0.000000
21 9 0.000000
22 9 0.000000
23 9 0.000000
24 9 0.000000
25 9 0.000000
26 9 0.000000
27 9 0.000000
28 9 0.000000
29 9 0.000000
30 9 0.000000
31 9 0.000000
32 9 0.000000
33 9 0.000000
34 9 0.000000
35 9 0.000000
36 9 0.000000
37 9 0.000000
38 9 0.000000
39 9 0.000000
40 9 0.000000
41 9 0.000000
42 9 0.000000
43 9 0.000000
44 9 0.000000
45 9 0.000000
46 9 0.000000
47 9 0.000000
48 9 0.000000
49 9 0.000000
50 9 0.000000
51 9 0.000000

0 10 0.000000
1 10 0.000000
2 10 0.000000
3 10 0.000000
4 10 0.000000
5 10 0.000000
6 10 0.000000
7 10 0.000000
8 10 0.000000
9 10 0.000000
10 10 0.000000
11 10 0.000000
12 10 0.000000
13 10 0.000000
14 10 0.000000
15 10 0.000000
16 10 0.000000
17 10 0.000000
18 10 0.000000
19 10 0.000000
20 10 0.000000
21 10 0.000000
22 10 0.000000
23 10 0.000000
24 10 0.000000
25 10 0.000000
26 10 0.000000
27 10 0.000000
28 10 0.000000
29 10 0.000000
30 10 0.000000
31 10 0.000000
32 10 0.000000
33 10 0.000000
34 10 0.000000
35 10 0.000000
36 10 0.000000
37 10 0.000000
38 10 0.000000
39 10 0.000000
40 10 0.000000
41 10 0.000000
42 10 0.000000
43 10 0.000000
44 10 0.000000
45 10 0.000000
46 10 0.000000
47 10 0.000000
48 10 0.000000
49 10 0.000000
50 10 0.000000
51 10 0.000000

0 11 0.000000
1 11 0.000000
2 11 0.000000
3 11 0.000000
4 11 0.000000
5 11 0.000000
6 11 0.000000
7 11 0.000000
8 11 0.000000
9 11 0.000000
10 11 0.000000
11 11 0.000000
12 11 0.000000
13 11 0.000000
14 11 0.000000
15 11 0.000000
16 11 0.000000
17 11 0.000000
18 11 0.000000
19 11 0.000000
20 11 0.000000
21 11 0.000000
22 11 0.000000
23 11 0.000000
24 11 0.000000
25 11 0.000000
26 11 0.000000
27 11 0.000000
28 11 0.000000
29 11 0.000000
30 11 0.000000
31 11 0.000000
32 11 0.000000
33 11 0.000000
34 11 0.000000
35 11 0.000000
36 11 0.000000
37 11 0.000000
38 11 0.000000
39 11 0.000000
40 11 0.000000
41 11 0.000000
42 11 0.000000
43 11 0.000000
44 11 0.000000
45 11 0.000000
46 11 0.000000
47 11 0.000000
48 11 0.000000
49 11 0.000000
50 11 0.000000
51 11 0.000000

0 12 0.000000
1 12 0.000000
2 12 0.000000
3 12 0.000000
4 12 0.000000
5 12 0.000000
6 12 0.000000
7 12 0.000000
8 12 0.000000
9 12 0.000000
10 12 0.000000
11 12 0.000000
12 12 0.000000
13 12 0.000000
14 12 0.000000
15 12 0.000000
16 12 0.000000
17 12 0.000000
18 12 0.000000
19 12 0.000000
20 12 0.000000
21 12 0.000000
22 12 0.000000
23 12 0.000000
24 12 0.000000
25 12 0.000000
26 12 0.000000
27 12 0.000000
28 12 0.000000
29 12 0.000000
30 12 0.000000
31 12 0.000000
32 12 0.000000
33 12 0.000000
34 12 0.000000
35 12 0.000000
36 12 0.000000
37 12 0.000000
38 12 0.000000
39 12 0.000000
40 12 0.000000
41 12 0.000000
42 12 0.000000
43 12 0.000000
44 12 0.000000
45 12 0.000000
46 12 0.000000
47 12 0.000000
48 12 0.000000
49 12 0.000000
50 12 0.000000
51 12 0.000000

0 13 0.000000
1 13 0.000000
2 13 0.000000
3 13 0.000000
4 13 0.000000
5 13 0.000000
6 13 0.000000
7 13 0.000000
8 13 0.000000
9 13 0.000000
10 13 0.000000
11 13 0.000000
12 13 0.000000
13 13 0.000000
14 13 0.000000
15 13 0.000000
16 13 0.000000
17 13 0.000000
18 13 0.000000
19 13 0.000000
20 13 0.000000
21 13 0.000000
22 13 0.000000
23 13 0.000000
24 13 0.000000
25 13 0.000000
26 13 0.000000
27 13 0.000000
28 13 0.000000
29 13 0.000000
30 13 0.000000
31 13 0.000000
32 13 0.000000
33 13 0.000000
34 13 0.000000
35 13 0.000000
36 13 0.000000
37 13 0.000000
38 13 0.000000
39 13 0.000000
40 13 0.000000
41 13 0.000000
42 13 0.000000
43 13 0.000000
44 13 0.000000
45 13 0.000000
46 13 0.000000
47 13 0.000000
48 13 0.000000
49 13 0.000000
50 13 0.000000
51 13 0.000000

0 14 0.000000
1 14 0.000000
2 14 0.000000
3 14 0.000000
4 14 0.000000
5 14 0.000000
6 14 0.000000
7 14 0.000000
8 14 0.000000
9 14 0.000000
10 14 0.000000
11 14 0.000000
12 14 0.000000
13 14 0.000000
14 14 0.000000
15 14 0.000000
16 14 0.000000
17 14 0.000000
18 14 0.000000
19 14 0.000000
20 14 0.000000
21 14 0.000000
22 14 0.000000
23 14 0.000000
24 14 0.000000
25 14 0.000000
26 14 0.000000
27 14 0.000000
28 14 0.000000
29 14 0.000000
30 14 0.000000
31 14 0.000000
32 14 0.000000
33 14 0.000000
34 14 0.000000
35 14 0.000000
36 14 0.000000
37 14 0.000000
38 14 0.000000
39 14 0.000000
40 14 0.000000
41 14 0.000000
42 14 0.000000
43 14 0.000000
44 14 0.000000
45 14 0.000000
46 14 0.000000
47 14 0.000000
48 14 0.000000
49 14 0.000000
50 14 0.000000
51 14 0.000000

0 15 0.000000
1 15 0.000000
2 15 0.000000
3 15 0.000000
4 15 0.000000
5 15 0.000000
6 15 0.000000
7 15 0.000000
8 15 0.000000
9 15 0.000000
10 15 0.000000
11 15 0.000000
12 15 0.000000
13 15 0.000000
14 15 0.000000
15 15 0.000000
16 15 0.000000
17 15 0.000000
18 15 0.000000
19 15 0.000000
20 15 0.000000
21 15 0.000000
22 15 0.000000
23 15 0.000000
24 15 0.000000
25 15 0.000000
26 15 0.000000
27 15 0.000000
28 15 0.000000
29 15 0.000000
30 15 0.000000
31 15 0.000000
32 15 0.000000
33 15 0.000000
34 15 0.000000
35 15 0.000000
36 15 0.000000
37 15 0.000000
38 15 0.000000
39 15 0.000000
40 15 0.000000
41 15 0.000000
42 15 0.000000
43 15 0.000000
44 15 0.000000
45 15 0.000000
46 15 0.000000
47 15 0.000000
48 15 0.000000
49 15 0.000000
50 15 0.000000
51 15 0.000000

0 16 0.000000
1 16 0.000000
2 16 0.000000
3 16 0.000000
4 16 0.000000
5 16 0.000000
6 16 0.000000
7 16 0.000000
8 16 0.000000
9 16 0.000000
10 16 0.000000
11 16 0.000000
12 16 0.000000
13 16 0.000000
14 16 0.000000
15 16 0.000000
16 16 0.000000
17 16 0.000000
18 16 0.000000
19 16 0.000000
20 16 0.000000
21 16 0.000000
22 16 0.000000
23 16 0.000000
24 16 0.000000
25 16 0.000000
26 16 0.000000
27 16 0.000000
28 16 0.000000
29 16 0.000000
30 16 0.000000
31 16 0.000000
32 16 0.000000
33 16 0.000000
34 16 0.000000
35 16 0.000000
36 16 0.000000
37 16 0.000000
38 16 0.000000
39 16 0.000000
40 16 0.000000
41 16 0.000000
42 16 0.000000
43 16 0.000000
44 16 0.000000
45 16 0.000000
46 16 0.000000
47 16 0.000000
48 16 0.000000
49 16 0.000000
50 16 0.000000
51 16 0.000000

0 17 0.000000
1 17 0.000000
2 17 0.000000
3 17 0.000000
4 17 0.000000
5 17 0.000000
6 17 0.000000
7 17 0.000000
8 17 0.000000
9 17 0.000000
10 17 0.000000
11 17 0.000000
12 17 0.000000
13 17 0.000000
14 17 0.000000
15 17 0.000000
16 17 0.000000
17 17 0.000000
18 17 0.000000
19 17 0.000000
20 17 0.000000
21 17 0.000000
22 17 0.000000
23 17 0.000000
24 17 0.000000
25 17 0.000000
26 17 0.000000
27 17 0.000000
28 17 0.000000
29 17 0.000000
30 17 0.000000
31 17 0.000000
32 17 0.000000
33 17 0.000000
34 17 0.000000
35 17 0.000000
36 17 0.000000
37 17 0.000000
38 17 0.000000
39 17 0.000000
40 17 0.000000
41 17 0.000000
42 17 0.000000
43 17 0.000000
44 17 0.000000
45 17 0.000000
46 17 0.000000
47 17 0.000000
48 17 0.000000
49 17 0.000000
50 17 0.000000
51 17 0.000000

0 18 0.000000
1 18 0.000000
2 18 0.000000
3 18 0.000000
4 18 0.000000
5 18 0.000000
6 18 0.000000
7 18 0.000000
8 18 0.000000
9 18 0.000000
10 18 0.000000
11 18 0.000000
12 18 0.000000
13 18 0.000000
14 18 0.000000
15 18 0.000000
16 18 0.000000
17 18 0.000000
18 18 0.000000
19 18 0.000000
20 18 0.000000
21 18 0.000000
22 18 0.000000
23 18 0.000000
24 18 0.000000
25 18 0.000000
26 18 0.000000
27 18 0.000000
28 18 0.000000
29 18 0.000000
30 18 0.000000
31 18 0.000000
32 18 0.000000
33 18 0.000000
34 18 0.000000
35 18 0.000000
36 18 0.000000
37 18 0.000000
38 18 0.000000
39 18 0.000000
40 18 0.000000
41 18 0.000000
42 18 0.000000
43 18 0.000000
44 18 0.000000
45 18 0.000000
46 18 0.000000
47 18 0.000000
48 18 0.000000
49 18 0.000000
50 18 0.000000
51 18 0.000000

0 19 0.000000
1 19 0.000000
2 19 0.000000
3 19 0.000000
4 19 0.000000
5 19 0.000000
6 19 0.000000
7 19 0.000000
8 19 0.000000
9 19 0.000000
10 19 0.000000
11 19 0.000000
12 19 0.000000
13 19 0.000000
14 19 0.000000
15 19 0.000000
16 19 0.000000
17 19 0.000000
18 19 0.000000
19 19 0.000000
20 19 0.000000
21 19 0.000000
22 19 0.000000
23 19 0.000000
24 19 0.000000
25 19 0.000000
26 19 0.000000
27 19 0.000000
28 19 0.000000
29 19 0.000000
30 19 0.000000
31 19 0.000000
32 19 0.000000
33 19 0.000000
34 19 0.000000
35 19 0.000000
36 19 0.000000
37 19 0.000000
38 19 0.000000
39 19 0.000000
40 19 0.000000
41 19 0.000000
42 19 0.000000
43 19 0.000000
44 19 0.000000
45 19 0.000000
46 19 0.000000
47 19 0.000000
48 19 0.000000
49 19 0.000000
50 19 0.000000
51 19 0.000000

0 20 0.000000
1 20 0.000000
2 20 0.000000
3 20 0.000000
4 20 0.000000
5 20 0.000000
6 20 0.000000
7 20 0.000000
8 20 0.000000
9 20 0.000000
10 20 0.000000
11 20 0.000000
12 20 0.000000
13 20 0.000000
14 20 0.000000
15 20 0.000000
16 20 0.000000
17 20 0.000000
18 20 0.000000
19 20 0.000000
20 20 0.000000
21 20 0.000000
22 20 0.000000
23 20 0.000000
24 20 0.000000
25 20 0.000000
26 20 0.000000
27 20 0.000000
28 20 0.000000
29 20 0.000000
30 20 0.000000
31 20 0.000000
32 20 0.000000
33 20 0.000000
34 20 0.000000
35 20 0.000000
36 20 0.000000
37 20 0.000000
38 20 0.000000
39 20 0.000000
40 20 0.000000
41 20 0.000000
42 20 0.000000
43 20 0.000000
44 20 0.000000
45 20 0.000000
46 20 0.000000
47 20 0.000000
48 20 0.000000
49 20 0.000000
50 20 0.000000
51 20 0.000000

0 21 0.000000
1 21 0.000000
2 21 0.000000
3 21 0.000000
4 21 0.000000
5 21 0.000000
6 21 0.000000
7 21 0.000000
8 21 0.000000
9 21 0.000000
10 21 0.000000
11 21 0.000000
12 21 0.000000
13 21 0.000000
14 21 0.000000
15 21 0.000000
16 21 0.000000
17 21 0.000000
18 21 0.000000
19 21 0.000000
20 21 0.000000
21 21 0.000000
22 21 0.000000
23 21 0.000000
24 21 0.000000
25 21 0.000000
26 21 0.000000
27 21 0.000000
28 21 0.000000
29 21 0.000000
30 21 0.000000
31 21 0.000000
32 21 0.000000
33 21 0.000000
34 21 0.000000
35 21 0.000000
36 21 0.000000
37 21 0.000000
38 21 0.000000
39 21 0.000000
40 21 0.000000
41 21 0.000000
42 21 0.000000
43 21 0.000000
44 21 0.000000
45 21 0.000000
46 21 0.000000
47 21 0.000000
48 21 0.000000
49 21 0.000000
50 21 0.000000
51 21 0.000000

0 22 0.000000
1 22 0.000000
2 22 0.000000
3 22 0.000000
4 22 0.000000
5 22 0.000000
6 22 0.000000
7 22 0.000000
8 22 0.000000
9 22 0.000000
10 22 0.000000
11 22 0.000000
12 22 0.000000
13 22 0.000000
14 22 0.000000
15 22 0.000000
16 22 0.000000
17 22 0.000000
18 22 0.000000
19 22 0.000000
20 22 0.000000
21 22 0.000000
22 22 0.000000
23 22 0.000000
24 22 0.000000
25 22 0.000000
26 22 0.000000
27 22 0.000000
28 22 0.000000
29 22 0.000000
30 22 0.000000
31 22 0.000000
32 22 0.000000
33 22 0.000000
34 22 0.000000
35 22 0.000000
36 22 0.000000
37 22 0.000000
38 22 0.000000
39 22 0.000000
40 22 0.000000
41 22 0.000000
42 22 0.000000
43 22 0.000000
44 22 0.000000
45 22 0.000000
46 22 0.000000
47 22 0.000000
48 22 0.000000
49 22 0.000000
50 22 0.000000
51 22 0.000000

0 23 0.000000
1 23 0.000000
2 23 0.000000
3 23 0.000000
4 23 0.000000
5 23 0.000000
6 23 0.000000
7 23 0.000000
8 23 0.000000
9 23 0.000000
10 23 0.000000
11 23 0.000000
12 23 0.000000
13 23 0.000000
14 23 0.000000
15 23 0.000000
16 23 0.000000
17 23 0.000000
18 23 0.000000
19 23 0.000000
20 23 0.000000
21 23 0.000000
22 23 0.000000
23 23 0.000000
24 23 0.000000
25 23 0.000000
26 23 0.000000
27 23 0.000000
28 23 0.000000
29 23 0.000000
30 23 0.000000
31 23 0.000000
32 23 0.000000
33 23 0.000000
34 23 0.000000
35 23 0.000000
36 23 0.000000
37 23 0.000000
38 23 0.000000
39 23 0.000000
40 23 0.000000
41 23 0.000000
42 23 0.000000
43 23 0.000000
44 23 0.000000
45 23 0.000000
46 23 0.000000
47 23 0.000000
48 23 0.000000
49 23 0.000000
50 23 0.000000
51 23 0.000000

0 24 0.000000
1 24 0.000000
2 24 0.000000
3 24 0.000000
4 24 0.000000
5 24 0.000000
6 24 0.000000
7 24 0.000000
8 24 0.000000
9 24 0.000000
10 24 0.000000
11 24 0.000000
12 24 0.000000
13 24 0.000000
14 24 0.000000
15 24 0.000000
16 24 0.000000
17 24 0.000000
18 24 0.000000
19 24 0.000000
20 24 0.000000
21 24 0.000000
22 24 0.000000
23 24 0.000000
24 24 0.000000
25 24 0.000000
26 24 0.000000
27 24 0.000000
28 24 0.000000
29 24 0.000000
30 24 0.000000
31 24 0.000000
32 24 0.000000
33 24 0.000000
34 24 0.000000
35 24 0.000000
36 24 0.000000
37 24 0.000000
38 24 0.000000
39 24 0.000000
40 24 0.000000
41 24 0.000000
42 24 0.000000
43 24 0.000000
44 24 0.000000
45 24 0.000000
46 24 0.000000
47 24 0.000000
48 24 0.000000
49 24 0.000000
50 24 0.000000
51 24 0.000000

0 25 0.000000
1 25 0.000000
2 25 0.000000
3 25 0.000000
4 25 0.000000
5 25 0.000000
6 25 0.000000
7 25 0.000000
8 25 0.000000
9 25 0.000000
10 25 0.000000
11 25 0.000000
12 25 0.000000
13 25 0.000000
14 25 0.000000
15 25 0.000000
16 25 0.000000
17 25 0.000000
18 25 0.000000
19 25 0.000000
20 25 0.000000
21 25 0.000000
22 25 0.000000
23 25 0.000000
24 25 0.000000
25 25 0.000000
26 25 0.000000
27 25 0.000000
28 25 0.000000
29 25 0.000000
30 25 0.000000
31 25 0.000000
32 25 0.000000
33 25 0.000000
34 25 0.000000
35 25 0.000000
36 25 0.000000
37 25 0.000000
38 25 0.000000
39 25 0.000000
40 25 0.000000
41 25 0.000000
42 25 0.000000
43 25 0.000000
44 25 0.000000
45 25 0.000000
46 25 0.000000
47 25 0.000000
48 25 0.000000
49 25 0.000000
50 25 0.000000
51 25 0.000000

0 26 0.000000
1 26 0.000000
2 26 0.000000
3 26 0.000000
4 26 0.000000
5 26 0.000000
6 26 0.000000
7 26 0.000000
8 26 0.000000
9 26 0.000000
10 26 0.000000
11 26 0.000000
12 26 0.000000
13 26 0.000000
14 26 0.000000
15 26 0.000000
16 26 0.000000
17 26 0.000000
18 26 0.000000
19 26 0.000000
20 26 0.000000
21 26 0.000000
22 26 0.000000
23 26 0.000000
24 26 0.000000
25 26 0.000000
26 26 0.000000
27 26 0.000000
28 26 0.000000
29 26 0.000000
30 26 0.000000
31 26 0.000000
32 26 0.000000
33 26 0.000000
34 26 0.000000
35 26 0.000000
36 26 0.000000
37 26 0.000000
38 26 0.000000
39 26 0.000000
40 26 0.000000
41 26 0.000000
42 26 0.000000
43 26 0.000000
44 26 0.000000
45 26 0.000000
46 26 0.000000
47 26 0.000000
48 26 0.000000
49 26 0.000000
50 26 0.000000
51 26 0.000000

0 27 0.000000
1 27 0.000000
2 27 0.000000
3 27 0.000000
4 27 0.000000
5 27 0.000000
6 27 0.000000
7 27 0.000000
8 27 0.000000
9 27 0.000000
10 27 0.000000
11 27 0.000000
12 27 0.000000
13 27 0.000000
14 27 0.000000
15 27 0.000000
16 27 0.000000
17 27 0.000000
18 27 0.000000
19 27 0.000000
20 27 0.000000
21 27 0.000000
22 27 0.000000
23 27 0.000000
24 27 0.000000
25 27 0.000000
26 27 0.000000
27 27 0.000000
28 27 0.000000
29 27 0.000000
30 27 0.000000
31 27 0.000000
32 27 0.000000
33 27 0.000000
34 27 0.000000
35 27 0.000000
36 27 0.000000
37 27 0.000000
38 27 0.000000
39 27 0.000000
40 27 0.000000
41 27 0.000000
42 27 0.000000
43 27 0.000000
44 27 0.000000
45 27 0.000000
46 27 0.000000
47 27 0.000000
48 27 0.000000
49 27 0.000000
50 27 0.000000
51 27 0.000000

0 28 0.000000
1 28 0.000000
2 28 0.000000
3 28 0.000000
4 28 0.000000
5 28 0.000000
6 28 0.000000
7 28 0.000000
8 28 0.000000
9 28 0.000000
10 28 0.000000
11 28 0.000000
12 28 0.000000
13 28 0.000000
14 28 0.000000
15 28 0.000000
16 28 0.000000
17 28 0.000000
18 28 0.000000
19 28 0.000000
20 28 0.000000
21 28 0.000000
22 28 0.000000
23 28 0.000000
24 28 0.000000
25 28 0.000000
26 28 0.000000
27 28 0.000000
28 28 0.000000
29 28 0.000000
30 28 0.000000
31 28 0.000000
32 28 0.000000
33 28 0.000000
34 28 0.000000
35 28 0.000000
36 28 0.000000
37 28 0.000000
38 28 0.000000
39 28 0.000000
40 28 0.000000
41 28 0.000000
42 28 0.000000
43 28 0.000000
44 28 0.000000
45 28 0.000000
46 28 0.000000
47 28 0.000000
48 28 0.000000
49 28 0.000000
50 28 0.000000
51 28 0.000000

0 29 0.000000
1 29 0.000000
2 29 0.000000
3 29 0.000000
4 29 0.000000
5 29 0.000000
6 29 0.000000
7 29 0.000000
8 29 0.000000
9 29 0.000000
10 29 0.000000
11 29 0.000000
12 29 0.000000
13 29 0.000000
14 29 0.000000
15 29 0.000000
16 29 0.000000
17 29 0.000000
18 29 0.000000
19 29 0.000000
20 29 0.000000
21 29 0.000000
22 29 0.000000
23 29 0.000000
24 29 0.000000
25 29 0.000000
26 29 0.000000
27 29 0.000000
28 29 0.000000
29 29 0.000000
30 29 0.000000
31 29 0.000000
32 29 0.000000
33 29 0.000000
34 29 0.000000
35 29 0.000000
36 29 0.000000
37 29 0.000000
38 29 0.000000
39 29 0.000000
40 29 0.000000
41 29 0.000000
42 29 0.000000
43 29 0.000000
44 29 0.000000
45 29 0.000000
46 29 0.000000
47 29 0.000000
48 29 0.000000
49 29 0.000000
50 29 0.000000
51 29 0.000000

0 30 0.000000
1 30 0.000000
2 30 0.000000
3 30 0.000000
4 30 0.000000
5 30 0.000000
6 30 0.000000
7 30 0.000000
8 30 0.000000
9 30 0.000000
10 30 0.000000
11 30 0.000000
12 30 0.000000
13 30 0.000000
14 30 0.000000
15 30 0.000000
16 30 0.000000
17 30 0.000000
18 30 0.000000
19 30 0.000000
20 30 0.000000
21 30 0.000000
22 30 0.000000
23 30 0.000000
24 30 0.000000
25 30 0.000000
26 30 0.000000
27 30 0.000000
28 30 0.000000
29 30 0.000000
30 30 0.000000
31 30 0.000000
32 30 0.000000
33 30 0.000000
34 30 0.000000
35 30 0.000000
36 30 0.000000
37 30 0.000000
38 30 0.000000
39 30 0.000000
40 30 0.000000
41 30 0.000000
42 30 0.000000
43 30 0.000000
44 30 0.000000
45 30 0.000000
46 30 0.000000
47 30 0.000000
48 30 0.000000
49 30 0.000000
50 30 0.000000
51 30 0.000000

0 31 0.000000
1 31 0.000000
2 31 0.000000
3 31 0.000000
4 31 0.000000
5 31 0.000000
6 31 0.000000
7 31 0.000000
8 31 0.000000
9 31 0.000000
10 31 0.000000
11 31 0.000000
12 31 0.000000
13 31 0.000000
14 31 0.000000
15 31 0.000000
16 31 0.000000
17 31 0.000000
18 31 0.000000
19 31 0.000000
20 31 0.000000
21 31 0.000000
22 31 0.000000
23 31 0.000000
24 31 0.000000
25 31 0.000000
26 31 0.000000
27 31 0.000000
28 31 0.000000
29 31 0.000000
30 31 0.000000
31 31 0.000000
32 31 0.000000
33 31 0.000000
34 31 0.000000
35 31 0.000000
36 31 0.000000
37 31 0.000000
38 31 0.000000
39 31 0.000000
40 31 0.000000
41 31 0.000000
42 31 0.000000
43 31 0.000000
44 31 0.000000
45 31 0.000000
46 31 0.000000
47 31 0.000000
48 31 0.000000
49 31 0.000000
50 31 0.000000
51 31 0.000000

0 32 0.000000
1 32 0.000000
2 32 0.000000
3 32 0.000000
4 32 0.000000
5 32 0.000000
6 32 0.000000
7 32 0.000000
8 32 0.000000
9 32 0.000000
10 32 0.000000
11 32 0.000000
12 32 0.000000
13 32 0.000000
14 32 0.000000
15 32 0.000000
16 32 0.000000
17 32 0.000000
18 32 0.000000
19 32 0.000000
20 32 0.000000
21 32 0.000000
22 32 0.000000
23 32 0.000000
24 32 0.000000
25 32 0.000000
26 32 0.000000
27 32 0.000000
28 32 0.000000
29 32 0.000000
30 32 0.000000
31 32 0.000000
32 32 0.000000
33 32 0.000000
34 32 0.000000
35 32 0.000000
36 32 0.000000
37 32 0.000000
38 32 0.000000
39 32 0.000000
40 32 0.000000
41 32 0.000000
42 32 0.000000
43 32 0.000000
44 32 0.000000
45 32 0.000000
46 32 0.000000
47 32 0.000000
48 32 0.000000
49 32 0.000000
50 32 0.000000
51 32 0.000000

0 33 0.000000
1 33 0.000000
2 33 0.000000
3 33 0.000000
4 33 0.000000
5 33 0.000000
6 33 0.000000
7 33 0.000000
8 33 0.000000
9 33 0.000000
10 33 0.000000
11 33 0.000000
12 33 0.000000
13 33 0.000000
14 33 0.000000
15 33 0.000000
16 33 0.000000
17 33 0.000000
18 33 0.000000
19 33 0.000000
20 33 0.000000
21 33 0.000000
22 33 0.000000
23 33 0.000000
24 33 0.000000
25 33 0.000000
26 33 0.000000
27 33 0.000000
28 33 0.000000
29 33 0.000000
30 33 0.000000
31 33 0.000000
32 33 0.000000
33 33 0.000000
34 33 0.000000
35 33 0.000000
36 33 0.000000
37 33 0.000000
38 33 0.000000
39 33 0.000000
40 33 0.000000
41 33 0.000000
42 33 0.000000
43 33 0.000000
44 33 0.000000
45 33 0.000000
46 33 0.000000
47 33 0.000000
48 33 0.000000
49 33 0.000000
50 33 0.000000
51 33 0.000000

0 34 0.000000
1 34 0.000000
2 34 0.000000
3 34 0.000000
4 34 0.000000
5 34 0.000000
6 34 0.000000
7 34 0.000000
8 34 0.000000
9 34 0.000000
10 34 0.000000
11 34 0.000000
12 34 0.000000
13 34 0.000000
14 34 0.000000
15 34 0.000000
16 34 0.000000
17 34 0.000000
18 34 0.000000
19 34 0.000000
20 34 0.000000
21 34 0.000000
22 34 0.000000
23 34 0.000000
24 34 0.000000
25 34 0.000000
26 34 0.000000
27 34 0.000000
28 34 0.000000
29 34 0.000000
30 34 0.000000
31 34 0.000000
32 34 0.000000
33 34 0.000000
34 34 0.000000
35 34 0.000000
36 34 0.000000
37 34 0.000000
38 34 0.000000
39 34 0.000000
40 34 0.000000
41 34 0.000000
42 34 0.000000
43 34 0.000000
44 34 0.000000
45 34 0.000000
46 34 0.000000
47 34 0.000000
48 34 0.000000
49 34 0.000000
50 34 0.000000
51 34 0.000000

0 35 0.000000
1 35 0.000000
2 35 0.000000
3 35 0.000000
4 35 0.000000
5 35 0.000000
6 35 0.000000
7 35 0.000000
8 35 0.000000
9 35 0.000000
10 35 0.000000
11 35 0.000000
12 35 0.000000
13 35 0.000000
14 35 0.000000
15 35 0.000000
16 35 0.000000
17 35 0.000000
18 35 0.000000
19 35 0.000000
20 35 0.000000
21 35 0.000000
22 35 0.000000
23 35 0.000000
24 35 0.000000
25 35 0.000000
26 35 0.000000
27 35 0.000000
28 35 0.000000
29 35 0.000000
30 35 0.000000
31 35 0.000000
32 35 0.000000
33 35 0.000000
34 35 0.000000
35 35 0.000000
36 35 0.000000
37 35 0.000000
38 35 0.000000
39 35 0.000000
40 35 0.000000
41 35 0.000000
42 35 0.000000
43 35 0.000000
44 35 0.000000
45 35 0.000000
46 35 0.000000
47 35 0.000000
48 35 0.000000
49 35 0.000000
50 35 0.000000
51 35 0.000000

0 36 0.000000
1 36 0.000000
2 36 0.000000
3 36 0.000000
4 36 0.000000
5 36 0.000000
6 36 0.000000
7 36 0.000000
8 36 0.000000
9 36 0.000000
10 36 0.000000
11 36 0.000000
12 36 0.000000
13 36 0.000000
14 36 0.000000
15 36 0.000000
16 36 0.000000
17 36 0.000000
18 36 0.000000
19 36 0.000000
20 36 0.000000
21 36 0.000000
22 36 0.000000
23 36 0.000000
24 36 0.000000
25 36 0.000000
26 36 0.000000
27 36 0.000000
28 36 0.000000
29 36 0.000000
30 36 0.000000
31 36 0.000000
32 36 0.000000
33 36 0.000000
34 36 0.000000
35 36 0.000000
36 36 0.000000
37 36 0.000000
38 36 0.000000
39 36 0.000000
40 36 0.000000
41 36 0.000000
42 36 0.000000
43 36 0.000000
44 36 0.000000
45 36 0.000000
46 36 0.000000
47 36 0.000000
48 36 0.000000
49 36 0.000000
50 36 0.000000
51 36 0.000000

0 37 0.000000
1 37 0.000000
2 37 0.000000
3 37 0.000000
4 37 0.000000
5 37 0.000000
6 37 0.000000
7 37 0.000000
8 37 0.000000
9 37 0.000000
10 37 0.000000
11 37 0.000000
12 37 0.000000
13 37 0.000000
14 37 0.000000
15 37 0.000000
16 37 0.000000
17 37 0.000000
18 37 0.000000
19 37 0.000000
20 37 0.000000
21 37 0.000000
22 37 0.000000
23 37 0.000000
24 37 0.000000
25 37 0.000000
26 37 0.000000
27 37 0.000000
28 37 0.000000
29 37 0.000000
30 37 0.000000
31 37 0.000000
32 37 0.000000
33 37 0.000000
34 37 0.000000
35 37 0.000000
36 37 0.000000
37 37 0.000000
38 37 0.000000
39 37 0.000000
40 37 0.000000
41 37 0.000000
42 37 0.000000
43 37 0.000000
44 37 0.000000
45 37 0.000000
46 37 0.000000
47 37 0.000000
48 37 0.000000
49 37 0.000000
50 37 0.000000
51 37 0.000000

0 38 0.000000
1 38 0.000000
2 38 0.000000
3 38 0.000000
4 38 0.000000
5 38 0.000000
6 38 0.000000
7 38 0.000000
8 38 0.000000
9 38 0.000000
10 38 0.000000
11 38 0.000000
12 38 0.000000
13 38 0.000000
14 38 0.000000
15 38 0.000000
16 38 0.000000
17 38 0.000000
18 38 0.000000
19 38 0.000000
20 38 0.000000
21 38 0.000000
22 38 0.000000
23 38 0.000000
24 38 0.000000
25 38 0.000000
26 38 0.000000
27 38 0.000000
28 38 0.000000
29 38 0.000000
30 38 0.000000
31 38 0.000000
32 38 0.000000
33 38 0.000000
34 38 0.000000
35 38 0.000000
36 38 0.000000
37 38 0.000000
38 38 0.000000
39 38 0.000000
40 38 0.000000
41 38 0.000000
42 38 0.000000
43 38 0.000000
44 38 0.000000
45 38 0.000000
46 38 0.000000
47 38 0.000000
48 38 0.000000
49 38 0.000000
50 38 0.000000
51 38 0.000000

0 39 0.000000
1 39 0.000000
2 39 0.000000
3 39 0.000000
4 39 0.000000
5 39 0.000000
6 39 0.000000
7 39 0.000000
8 39 0.000000
9 39 0.000000
10 39 0.000000
11 39 0.000000
12 39 0.000000
13 39 0.000000
14 39 0.000000
15 39 0.000000
16 39 0.000000
17 39 0.000000
18 39 0.000000
19 39 0.000000
20 39 0.000000
21 39 0.000000
22 39 0.000000
23 39 0.000000
24 39 0.000000
25 39 0.000000
26 39 0.000000
27 39 0.000000
28 39 0.000000
29 39 0.000000
30 39 0.000000
31 39 0.000000
32 39 0.000000
33 39 0.000000
34 39 0.000000
35 39 0.000000
36 39 0.000000
37 39 0.000000
38 39 0.000000
39 39 0.000000
40 39 0.000000
41 39 0.000000
42 39 0.000000
43 39 0.000000
44 39 0.000000
45 39 0.000000
46 39 0.000000
47 39 0.000000
48 39 0.000000
49 39 0.000000
50 39 0.000000
51 39 0.000000

0 40 0.000000
1 40 0.000000
2 40 0.000000
3 40 0.000000
4 40 0.000000
5 40 0.000000
6 40 0.000000
7 40 0.000000
8 40 0.000000
9 40 0.000000
10 40 0.000000
11 40 0.000000
12 40 0.000000
13 40 0.000000
14 40 0.000000
15 40 0.000000
16 40 0.000000
17 40 0.000000
18 40 0.000000
19 40 0.000000
20 40 0.000000
21 40 0.000000
22 40 0.000000
23 40 0.000000
24 40 0.000000
25 40 0.000000
26 40 0.000000
27 40 0.000000
28 40 0.000000
29 40 0.000000
30 40 0.000000
31 40 0.000000
32 40 0.000000
33 40 0.000000
34 40 0.000000
35 40 0.000000
36 40 0.000000
37 40 0.000000
38 40 0.000000
39 40 0.000000
40 40 0.000000
41 40 0.000000
42 40 0.000000
43 40 0.000000
44 40 0.000000
45 40 0.000000
46 40 0.000000
47 40 0.000000
48 40 0.000000
49 40 0.000000
50 40 0.000000
51 40 0.000000

0 41 0.000000
1 41 0.000000
2 41 0.000000
3 41 0.000000
4 41 0.000000
5 41 0.000000
6 41 0.000000
7 41 0.000000
8 41 0.000000
9 41 0.000000
10 41 0.000000
11 41 0.000000
12 41 0.000000
13 41 0.000000
14 41 0.000000
15 41 0.000000
16 41 0.000000
17 41 0.000000
18 41 0.000000
19 41 0.000000
20 41 0.000000
21 41 0.000000
22 41 0.000000
23 41 0.000000
24 41 0.000000
25 41 0.000000
26 41 0.000000
27 41 0.000000
28 41 0.000000
29 41 0.000000
30 41 0.000000
31 41 0.000000
32 41 0.000000
33 41 0.000000
34 41 0.000000
35 41 0.000000
36 41 0.000000
37 41 0.000000
38 41 0.000000
39 41 0.000000
40 41 0.000000
41 41 0.000000
42 41 0.000000
43 41 0.000000
44 41 0.000000
45 41 0.000000
46 41 0.000000
47 41 0.000000
48 41 0.000000
49 41 0.000000
50 41 0.000000
51 41 0.000000

0 42 0.000000
1 42 0.000000
2 42 0.000000
3 42 0.000000
4 42 0.000000
5 42 0.000000
6 42 0.000000
7 42 0.000000
8 42 0.000000
9 42 0.000000
10 42 0.000000
11 42 0.000000
12 42 0.000000
13 42 0.000000
14 42 0.000000
15 42 0.000000
16 42 0.000000
17 42 0.000000
18 42 0.000000
19 42 0.000000
20 42 0.000000
21 42 0.000000
22 42 0.000000
23 42 0.000000
24 42 0.000000
25 42 0.000000
26 42 0.000000
27 42 0.000000
28 42 0.000000
29 42 0.000000
30 42 0.000000
31 42 0.000000
32 42 0.000000
33 42 0.000000
34 42 0.000000
35 42 0.000000
36 42 0.000000
37 42 0.000000
38 42 0.000000
39 42 0.000000
40 42 0.000000
41 42 0.000000
42 42 0.000000
43 42 0.000000
44 42 0.000000
45 42 0.000000
46 42 0.000000
47 42 0.000000
48 42 0.000000
49 42 0.000000
50 42 0.000000
51 42 0.000000

0 43 0.000000
1 43 0.000000
2 43 0.000000
3 43 0.000000
4 43 0.000000
5 43 0.000000
6 43 0.000000
7 43 0.000000
8 43 0.000000
9 43 0.000000
10 43 0.000000
11 43 0.000000
12 43 0.000000
13 43 0.000000
14 43 0.000000
15 43 0.000000
16 43 0.000000
17 43 0.000000
18 43 0.000000
19 43 0.000000
20 43 0.000000
21 43 0.000000
22 43 0.000000
23 43 0.000000
24 43 0.000000
25 43 0.000000
26 43 0.000000
27 43 0.000000
28 43 0.000000
29 43 0.000000
30 43 0.000000
31 43 0.000000
32 43 0.000000
33 43 0.000000
34 43 0.000000
35 43 0.000000
36 43 0.000000
37 43 0.000000
38 43 0.000000
39 43 0.000000
40 43 0.000000
41 43 0.000000
42 43 0.000000
43 43 0.000000
44 43 0.000000
45 43 0.000000
46 43 0.000000
47 43 0.000000
48 43 0.000000
49 43 0.000000
50 43 0.000000
51 43 0.000000

0 44 0.000000
1 44 0.000000
2 44 0.000000
3 44 0.000000
4 44 0.000000
5 44 0.000000
6 44 0.000000
7 44 0.000000
8 44 0.000000
9 44 0.000000
10 44 0.000000
11 44 0.000000
12 44 0.000000
13 44 0.000000
14 44 0.000000
15 44 0.000000
16 44 0.000000
17 44 0.000000
18 44 0.000000
19 44 0.000000
20 44 0.000000
21 44 0.000000
22 44 0.000000
23 44 0.000000
24 44 0.000000
25 44 0.000000
26 44 0.000000
27 44 0.000000
28 44 0.000000
29 44 0.000000
30 44 0.000000
31 44 0.000000
32 44 0.000000
33 44 0.000000
34 44 0.000000
35 44 0.000000
36 44 0.000000
37 44 0.000000
38 44 0.000000
39 44 0.000000
40 44 0.000000
41 44 0.000000
42 44 0.000000
43 44 0.000000
44 44 0.000000
45 44 0.000000
46 44 0.000000
47 44 0.000000
48 44 0.000000
49 44 0.000000
50 44 0.000000
51 44 0.000000

0 45 0.000000
1 45 0.000000
2 45 0.000000
3 45 0.000000
4 45 0.000000
5 45 0.000000
6 45 0.000000
7 45 0.000000
8 45 0.000000
9 45 0.000000
10 45 0.000000
11 45 0.000000
12 45 0.000000
13 45 0.000000
14 45 0.000000
15 45 0.000000
16 45 0.000000
17 45 0.000000
18 45 0.000000
19 45 0.000000
20 45 0.000000
21 45 0.000000
22 45 0.000000
23 45 0.000000
24 45 0.000000
25 45 0.000000
26 45 0.000000
27 45 0.000000
28 45 0.000000
29 45 0.000000
30 45 0.000000
31 45 0.000000
32 45 0.000000
33 45 0.000000
34 45 0.000000
35 45 0.000000
36 45 0.000000
37 45 0.000000
38 45 0.000000
39 45 0.000000
40 45 0.000000
41 45 0.000000
42 45 0.000000
43 45 0.000000
44 45 0.000000
45 45 0.000000
46 45 0.000000
47 45 0.000000
48 45 0.000000
49 45 0.000000
50 45 0.000000
51 45 0.000000

0 46 0.000000
1 46 0.000000
2 46 0.000000
3 46 0.000000
4 46 0.000000
5 46 0.000000
6 46 0.000000
7 46 0.000000
8 46 0.000000
9 46 0.000000
10 46 0.000000
11 46 0.000000
12 46 0.000000
13 46 0.000000
14 46 0.000000
15 46 0.000000
16 46 0.000000
17 46 0.000000
18 46 0.000000
19 46 0.000000
20 46 0.000000
21 46 0.000000
22 46 0.000000
23 46 0.000000
24 46 0.000000
25 46 0.000000
26 46 0.000000
27 46 0.000000
28 46 0.000000
29 46 0.000000
30 46 0.000000
31 46 0.000000
32 46 0.000000
33 46 0.000000
34 46 0.000000
35 46 0.000000
36 46 0.000000
37 46 0.000000
38 46 0.000000
39 46 0.000000
40 46 0.000000
41 46 0.000000
42 46 0.000000
43 46 0.000000
44 46 0.000000
45 46 0.000000
46 46 0.000000
47 46 0.000000
48 46 0.000000
49 46 0.000000
50 46 0.000000
51 46 0.000000

0 47 0.000000
1 47 0.000000
2 47 0.000000
3 47 0.000000
4 47 0.000000
5 47 0.000000
6 47 0.000000
7 47 0.000000
8 47 0.000000
9 47 0.000000
10 47 0.000000
11 47 0.000000
12 47 0.000000
13 47 0.000000
14 47 0.000000
15 47 0.000000
16 47 0.000000
17 47 0.000000
18 47 0.000000
19 47 0.000000
20 47 0.000000
21 47 0.000000
22 47 0.000000
23 47 0.000000
24 47 0.000000
25 47 0.000000
26 47 0.000000
27 47 0.000000
28 47 0.000000
29 47 0.000000
30 47 0.000000
31 47 0.000000
32 47 0.000000
33 47 0.000000
34 47 0.000000
35 47 0.000000
36 47 0.000000
37 47 0.000000
38 47 0.000000
39 47 0.000000
40 47 0.000000
41 47 0.000000
42 47 0.000000
43 47 0.000000
44 47 0.000000
45 47 0.000000
46 47 0.000000
47 47 0.000000
48 47 0.000000
49 47 0.000000
50 47 0.000000
51 47 0.000000

0 48 0.000000
1 48 0.000000
2 48 0.000000
3 48 0.000000
4 48 0.000000
5 48 0.000000
6 48 0.000000
7 48 0.000000
8 48 0.000000
9 48 0.000000
10 48 0.000000
11 48 0.000000
12 48 0.000000
13 48 0.000000
14 48 0.000000
15 48 0.000000
16 48 0.000000
17 48 0.000000
18 48 0.000000
19 48 0.000000
20 48 0.000000
21 48 0.000000
22 48 0.000000
23 48 0.000000
24 48 0.000000
25 48 0.000000
26 48 0.000000
27 48 0.000000
28 48 0.000000
29 48 0.000000
30 48 0.000000
31 48 0.000000
32 48 0.000000
33 48 0.000000
34 48 0.000000
35 48 0.000000
36 48 0.000000
37 48 0.000000
38 48 0.000000
39 48 0.000000
40 48 0.000000
41 48 0.000000
42 48 0.000000
43 48 0.000000
44 48 0.000000
45 48 0.000000
46 48 0.000000
47 48 0.000000
48 48 0.000000
49 48 0.000000
50 48 0.000000
51 48 0.000000

0 49 0.000000
1 49 0.000000
2 49 0.000000
3 49 0.000000
4 49 0.000000
5 49 0.000000
6 49 0.000000
7 49 0.000000
8 49 0.000000
9 49 0.000000
10 49 0.000000
11 49 0.000000
12 49 0.000000
13 49 0.000000
14 49 0.000000
15 49 0.000000
16 49 0.000000
17 49 0.000000
18 49 0.000000
19 49 0.000000
20 49 0.000000
21 49 0.000000
22 49 0.000000
23 49 0.000000
24 49 0.000000
25 49 0.000000
26 49 0.000000
27 49 0.000000
28 49 0.000000
29 49 0.000000
30 49 0.000000
31 49 0.000000
32 49 0.000000
33 49 0.000000
34 49 0.000000
35 49 0.000000
36 49 0.000000
37 49 0.000000
38 49 0.000000
39 49 0.000000
40 49 0.000000
41 49 0.000000
42 49 0.000000
43 49 0.000000
44 49 0.000000
45 49 0.000000
46 49 0.000000
47 49 0.000000
48 49 0.000000
49 49 0.000000
50 49 0.000000
51 49 0.000000

0 50 0.000000
1 50 0.000000
2 50 0.000000
3 50 0.000000
4 50 0.000000
5 50 0.000000
6 50 0.000000
7 50 0.000000
8 50 0.000000
9 50 0.000000
10 50 0.000000
11 50 0.000000
12 50 0.000000
13 50 0.000000
14 50 0.000000
15 50 0.000000
16 50 0.000000
17 50 0.000000
18 50 0.000000
19 50 0.000000
20 50 0.000000
21 50 0.000000
22 50 0.000000
23 50 0.000000
24 50 0.000000
25 50 0.000000
26 50 0.000000
27 50 0.000000
28 50 0.000000
29 50 0.000000
30 50 0.000000
31 50 0.000000
32 50 0.000000
33 50 0.000000
34 50 0.000000
35 50 0.000000
36 50 0.000000
37 50 0.000000
38 50 0.000000
39 50 0.000000
40 50 0.000000
41 50 0.000000
42 50 0.000000
43 50 0.000000
44 50 0.000000
45 50 0.000000
46 50 0.000000
47 50 0.000000
48 50 0.000000
49 50 0.000000
50 50 0.000000
51 50 0.000000

0 51 0.000000
1 51 1.000000
2 51 1.000000
3 51 1.000000
4 51 1.000000
5 51 1.000000
6 51 1.000000
7 51 1.000000
8 51 1.000000
9 51 1.000000
10 51 1.000000
11 51 1.000000
12 51 1.000000
13 51 1.000000
14 51 1.000000
15 51 1.000000
16 51 1.000000
17 51 1.000000
18 51 1.000000
19 51 1.000000
20 51 1.000000
21 51 1.000000
22 51 1.000000
23 51 1.000000
24 51 1.000000
25 51 1.000000
26 51 1.000000
27 51 1.000000
28 51 1.000000
29 51 1.000000
30 51 1.000000
31 51 1.000000
32 51 1.000000
33 51 1.000000
34 51 1.000000
35 51 1.000000
36 51 1.000000
37 51 1.000000
38 51 1.000000
39 51 1.000000
40 51 1.000000
41 51 1.000000
42 51 1.000000
43 51 1.000000
44 51 1.000000
45 51 1.000000
46 51 1.000000
47 51 1.000000
48 51 1.000000
49 51 1.000000
50 51 1.000000
51 51 1.000000

0 52 0.000000
1 52 1.000000
2 52 1.000000
3 52 1.000000
4 52 1.000000
5 52 1.000000
6 52 1.000000
7 52 1.000000
8 52 1.000000
9 52 1.000000
10 52 1.000000
11 52 1.000000
12 52 1.000000
13 52 1.000000
14 52 1.000000
15 52 1.000000
16 52 1.000000
17 52 1.000000
18 52 1.000000
19 52 1.000000
20 52 1.000000
21 52 1.000000
22 52 1.000000
23 52 1.000000
24 52 1.000000
25 52 1.000000
26 52 1.000000
27 52 1.000000
28 52 1.000000
29 52 1.000000
30 52 1.000000
31 52 1.000000
32 52 1.000000
33 52 1.000000
34 52 1.000000
35 52 1.000000
36 52 1.000000
37 52 1.000000
38 52 1.000000
39 52 1.000000
40 52 1.000000
41 52 1.000000
42 52 1.000000
43 52 1.000000
44 52 1.000000
45 52 1.000000
46 52 1.000000
47 52 1.000000
48 52 1.000000
49 52 1.000000
50 52 1.000000
51 52 1.000000

0 53 0.000000
1 53 1.000000
2 53 1.000000
3 53 1.000000
4 53 1.000000
5 53 1.000000
6 53 1.000000
7 53 1.000000
8 53 1.000000
9 53 1.000000
10 53 1.000000
11 53 1.000000
12 53 1.000000
13 53 1.000000
14 53 1.000000
15 53 1.000000
16 53 1.000000
17 53 1.000000
18 53 1.000000
19 53 1.000000
20 53 1.000000
21 53 1.000000
22 53 1.000000
23 53 1.000000
24 53 1.000000
25 53 1.000000
26 53 1.000000
27 53 1.000000
28 53 1.000000
29 53 1.000000
30 53 1.000000
31 53 1.000000
32 53 1.000000
33 53 1.000000
34 53 1.000000
35 53 1.000000
36 53 1.000000
37 53 1.000000
38 53 1.000000
39 53 1.000000
40 53 1.000000
41 53 1.000000
42 53 1.000000
43 53 1.000000
44 53 1.000000
45 53 1.000000
46 53 1.000000
47 53 1.000000
48 53 1.000000
49 53 1.000000
50 53 1.000000
51 53 1.000000

0 54 0.000000
1 54 1.000000
2 54 1.000000
3 54 1.000000
4 54 1.000000
5 54 1.000000
6 54 1.000000
7 54 1.000000
8 54 1.000000
9 54 1.000000
10 54 1.000000
11 54 1.000000
12 54 1.000000
13 54 1.000000
14 54 1.000000
15 54 1.000000
16 54 1.000000
17 54 1.000000
18 54 1.000000
19 54 1.000000
20 54 1.000000
21 54 1.000000
22 54 1.000000
23 54 1.000000
24 54 1.000000
25 54 1.000000
26 54 1.000000
27 54 1.000000
28 54 1.000000
29 54 1.000000
30 54 1.000000
31 54 1.000000
32 54 1.000000
33 54 1.000000
34 54 1.000000
35 54 1.000000
36 54 1.000000
37 54 1.000000
38 54 1.000000
39 54 1.000000
40 54 1.000000
41 54 1.000000
42 54 1.000000
43 54 1.000000
44 54 1.000000
45 54 1.000000
46 54 1.000000
47 54 1.000000
48 54 1.000000
49 54 1.000000
50 54 1.000000
51 54 1.000000

0 55 0.000000
1 55 1.000000
2 55 1.000000
3 55 1.000000
4 55 1.000000
5 55 1.000000
6 55 1.000000
7 55 1.000000
8 55 1.000000
9 55 1.000000
10 55 1.000000
11 55 1.000000
12 55 1.000000
13 55 1.000000
14 55 1.000000
15 55 1.000000
16 55 1.000000
17 55 1.000000
18 55 1.000000
19 55 1.000000
20 55 1.000000
21 55 1.000000
22 55 1.000000
23 55 1.000000
24 55 1.000000
25 55 1.000000
26 55 1.000000
27 55 1.000000
28 55 1.000000
29 55 1.000000
30 55 1.000000
31 55 1.000000
32 55 1.000000
33 55 1.000000
34 55 1.000000
35 55 1.000000
36 55 1.000000
37 55 1.000000
38 55 1.000000
39 55 1.000000
40 55 1.000000
41 55 1.000000
42 55 1.000000
43 55 1.000000
44 55 1.000000
45 55 1.000000
46 55 1.000000
47 55 1.000000
48 55 1.000000
49 55 1.000000
50 55 1.000000
51 55 1.000000

0 56 0.000000
1 56 1.000000
2 56 1.000000
3 56 1.000000
4 56 1.000000
5 56 1.000000
6 56 1.000000
7 56 1.000000
8 56 1.000000
9 56 1.000000
10 56 1.000000
11 56 1.000000
12 56 1.000000
13 56 1.000000
14 56 1.000000
15 56 1.000000
16 56 1.000000
17 56 1.000000
18 56 1.000000
19 56 1.000000
20 56 1.000000
21 56 1.000000
22 56 1.000000
23 56 1.000000
24 56 1.000000
25 56 1.000000
26 56 1.000000
27 56 1.000000
28 56 1.000000
29 56 1.000000
30 56 1.000000
31 56 1.000000
32 56 1.000000
33 56 1.000000
34 56 1.000000
35 56 1.000000
36 56 1.000000
37 56 1.000000
38 56 1.000000
39 56 1.000000
40 56 1.000000
41 56 1.000000
42 56 1.000000
43 56 1.000000
44 56 1.000000
45 56 1.000000
46 56 1.000000
47 56 1.000000
48 56 1.000000
49 56 1.000000
50 56 1.000000
51 56 1.000000

0 57 0.000000
1 57 1.000000
2 57 1.000000
3 57 1.000000
4 57 1.000000
5 57 1.000000
6 57 1.000000
7 57 1.000000
8 57 1.000000
9 57 1.000000
10 57 1.000000
11 57 1.000000
12 57 1.000000
13 57 1.000000
14 57 1.000000
15 57 1.000000
16 57 1.000000
17 57 1.000000
18 57 1.000000
19 57 1.000000
20 57 1.000000
21 57 1.000000
22 57 1.000000
23 57 1.000000
24 57 1.000000
25 57 1.000000
26 57 1.000000
27 57 1.000000
28 57 1.000000
29 57 1.000000
30 57 1.000000
31 57 1.000000
32 57 1.000000
33 57 1.000000
34 57 1.000000
35 57 1.000000
36 57 1.000000
37 57 1.000000
38 57 1.000000
39 57 1.000000
40 57 1.000000
41 57 1.000000
42 57 1.000000
43 57 1.000000
44 57 1.000000
45 57 1.000000
46 57 1.000000
47 57 1.000000
48 57 1.000000
49 57 1.000000
50 57 1.000000
51 57 1.000000

0 58 0.000000
1 58 1.000000
2 58 1.000000
3 58 1.000000
4 58 1.000000
5 58 1.000000
6 58 1.000000
7 58 1.000000
8 58 1.000000
9 58 1.000000
10 58 1.000000
11 58 1.000000
12 58 1.000000
13 58 1.000000
14 58 1.000000
15 58 1.000000
16 58 1.000000
17 58 1.000000
18 58 1.000000
19 58 1.000000
20 58 1.000000
21 58 1.000000
22 58 1.000000
23 58 1.000000
24 58 1.000000
25 58 1.000000
26 58 1.000000
27 58 1.000000
28 58 1.000000
29 58 1.000000
30 58 1.000000
31 58 1.000000
32 58 1.000000
33 58 1.000000
34 58 1.000000
35 58 1.000000
36 58 1.000000
37 58 1.000000
38 58 1.000000
39 58 1.000000
40 58 1.000000
41 58 1.000000
42 58 1.000000
43 58 1.000000
44 58 1.000000
45 58 1.000000
46 58 1.000000
47 58 1.000000
48 58 1.000000
49 58 1.000000
50 58 1.000000
51 58 1.000000

0 59 0.000000
1 59 1.000000
2 59 1.000000
3 59 1.000000
4 59 1.000000
5 59 1.000000
6 59 1.000000
7 59 1.000000
8 59 1.000000
9 59 1.000000
10 59 1.000000
11 59 1.000000
12 59 1.000000
13 59 1.000000
14 59 1.000000
15 59 1.000000
16 59 1.000000
17 59 1.000000
18 59 1.000000
19 59 1.000000
20 59 1.000000
21 59 1.000000
22 59 1.000000
23 59 1.000000
24 59 1.000000
25 59 1.000000
26 59 1.000000
27 59 1.000000
28 59 1.000000
29 59 1.000000
30 59 1.000000
31 59 1.000000
32 59 1.000000
33 59 1.000000
34 59 1.000000
35 59 1.000000
36 59 1.000000
37 59 1.000000
38 59 1.000000
39 59 1.000000
40 59 1.000000
41 59 1.000000
42 59 1.000000
43 59 1.000000
44 59 1.000000
45 59 1.000000
46 59 1.000000
47 59 1.000000
48 59 1.000000
49 59 1.000000
50 59 1.000000
51 59 1.000000

0 60 0.000000
1 60 1.000000
2 60 1.000000
3 60 1.000000
4 60 1.000000
5 60 1.000000
6 60 1.000000
7 60 1.000000
8 60 1.000000
9 60 1.000000
10 60 1.000000
11 60 1.000000
12 60 1.000000
13 60 1.000000
14 60 1.000000
15 60 1.000000
16 60 1.000000
17 60 1.000000
18 60 1.000000
19 60 1.000000
20 60 1.000000
21 60 1.000000
22 60 1.000000
23 60 1.000000
24 60 1.000000
25 60 1.000000
26 60 1.000000
27 60 1.000000
28 60 1.000000
29 60 1.000000
30 60 1.000000
31 60 1.000000
32 60 1.000000
33 60 1.000000
34 60 1.000000
35 60 1.000000
36 60 1.000000
37 60 1.000000
38 60 1.000000
39 60 1.000000
40 60 1.000000
41 60 1.000000
42 60 1.000000
43 60 1.000000
44 60 1.000000
45 60 1.000000
46 60 1.000000
47 60 1.000000
48 60 1.000000
49 60 1.000000
50 60 1.000000
51 60 1.000000

0 61 0.000000
1 61 1.000000
2 61 1.000000
3 61 1.000000
4 61 1.000000
5 61 1.000000
6 61 1.000000
7 61 1.000000
8 61 1.000000
9 61 1.000000
10 61 1.000000
11 61 1.000000
12 61 1.000000
13 61 1.000000
14 61 1.000000
15 61 1.000000
16 61 1.000000
17 61 1.000000
18 61 1.000000
19 61 1.000000
20 61 1.000000
21 61 1.000000
22 61 1.000000
23 61 1.000000
24 61 1.000000
25 61 1.000000
26 61 1.000000
27 61 1.000000
28 61 1.000000
29 61 1.000000
30 61 1.000000
31 61 1.000000
32 61 1.000000
33 61 1.000000
34 61 1.000000
35 61 1.000000
36 61 1.000000
37 61 1.000000
38 61 1.000000
39 61 1.000000
40 61 1.000000
41 61 1.000000
42 61 1.000000
43 61 1.000000
44 61 1.000000
45 61 1.000000
46 61 1.000000
47 61 1.000000
48 61 1.000000
49 61 1.000000
50 61 1.000000
51 61 1.000000

0 62 0.000000
1 62 1.000000
2 62 1.000000
3 62 1.000000
4 62 1.000000
5 62 1.000000
6 62 1.000000
7 62 1.000000
8 62 1.000000
9 62 1.000000
10 62 1.000000
11 62 1.000000
12 62 1.000000
13 62 1.000000
14 62 1.000000
15 62 1.000000
16 62 1.000000
17 62 1.000000
18 62 1.000000
19 62 1.000000
20 62 1.000000
21 62 1.000000
22 62 1.000000
23 62 1.000000
24 62 1.000000
25 62 1.000000
26 62 1.000000
27 62 1.000000
28 62 1.000000
29 62 1.000000
30 62 1.000000
31 62 1.000000
32 62 1.000000
33 62 1.000000
34 62 1.000000
35 62 1.000000
36 62 1.000000
37 62 1.000000
38 62 1.000000
39 62 1.000000
40 62 1.000000
41 62 1.000000
42 62 1.000000
43 62 1.000000
44 62 1.000000
45 62 1.000000
46 62 1.000000
47 62 1.000000
48 62 1.000000
49 62 1.000000
50 62 1.000000
51 62 1.000000

0 63 0.000000
1 63 1.000000
2 63 1.000000
3 63 1.000000
4 63 1.000000
5 63 1.000000
6 63 1.000000
7 63 1.000000
8 63 1.000000
9 63 1.000000
10 63 1.000000
11 63 1.000000
12 63 1.000000
13 63 1.000000
14 63 1.000000
15 63 1.000000
16 63 1.000000
17 63 1.000000
18 63 1.000000
19 63 1.000000
20 63 1.000000
21 63 1.000000
22 63 1.000000
23 63 1.000000
24 63 1.000000
25 63 1.000000
26 63 1.000000
27 63 1.000000
28 63 1.000000
29 63 1.000000
30 63 1.000000
31 63 1.000000
32 63 1.000000
33 63 1.000000
34 63 1.000000
35 63 1.000000
36 63 1.000000
37 63 1.000000
38 63 1.000000
39 63 1.000000
40 63 1.000000
41 63 1.000000
42 63 1.000000
43 63 1.000000
44 63 1.000000
45 63 1.000000
46 63 1.000000
47 63 1.000000
48 63 1.000000
49 63 1.000000
50 63 1.000000
51 63 1.000000

0 64 0.000000
1 64 1.000000
2 64 1.000000
3 64 1.000000
4 64 1.000000
5 64 1.000000
6 64 1.000000
7 64 1.000000
8 64 1.000000
9 64 1.000000
10 64 1.000000
11 64 1.000000
12 64 1.000000
13 64 1.000000
14 64 1.000000
15 64 1.000000
16 64 1.000000
17 64 1.000000
18 64 1.000000
19 64 1.000000
20 64 1.000000
21 64 1.000000
22 64 1.000000
23 64 1.000000
24 64 1.000000
25 64 1.000000
26 64 1.000000
27 64 1.000000
28 64 1.000000
29 64 1.000000
30 64 1.000000
31 64 1.000000
32 64 1.000000
33 64 1.000000
34 64 1.000000
35 64 1.000000
36 64 1.000000
37 64 1.000000
38 64 1.000000
39 64 1.000000
40 64 1.000000
41 64 1.000000
42 64 1.000000
43 64 1.000000
44 64 1.000000
45 64 1.000000
46 64 1.000000
47 64 1.000000
48 64 1.000000
49 64 1.000000
50 64 1.000000
51 64 1.000000

0 65 0.000000
1 65 1.000000
2 65 1.000000
3 65 1.000000
4 65 1.000000
5 65 1.000000
6 65 1.000000
7 65 1.000000
8 65 1.000000
9 65 1.000000
10 65 1.000000
11 65 1.000000
12 65 1.000000
13 65 1.000000
14 65 1.000000
15 65 1.000000
16 65 1.000000
17 65 1.000000
18 65 1.000000
19 65 1.000000
20 65 1.000000
21 65 1.000000
22 65 1.000000
23 65 1.000000
24 65 1.000000
25 65 1.000000
26 65 1.000000
27 65 1.000000
28 65 1.000000
29 65 1.000000
30 65 1.000000
31 65 1.000000
32 65 1.000000
33 65 1.000000
34 65 1.000000
35 65 1.000000
36 65 1.000000
37 65 1.000000
38 65 1.000000
39 65 1.000000
40 65 1.000000
41 65 1.000000
42 65 1.000000
43 65 1.000000
44 65 1.000000
45 65 1.000000
46 65 1.000000
47 65 1.000000
48 65 1.000000
49 65 1.000000
50 65 1.000000
51 65 1.000000

0 66 0.000000
1 66 1.000000
2 66 1.000000
3 66 1.000000
4 66 1.000000
5 66 1.000000
6 66 1.000000
7 66 1.000000
8 66 1.000000
9 66 1.000000
10 66 1.000000
11 66 1.000000
12 66 1.000000
13 66 1.000000
14 66 1.000000
15 66 1.000000
16 66 1.000000
17 66 1.000000
18 66 1.000000
19 66 1.000000
20 66 1.000000
21 66 1.000000
22 66 1.000000
23 66 1.000000
24 66 1.000000
25 66 1.000000
26 66 1.000000
27 66 1.000000
28 66 1.000000
29 66 1.000000
30 66 1.000000
31 66 1.000000
32 66 1.000000
33 66 1.000000
34 66 1.000000
35 66 1.000000
36 66 1.000000
37 66 1.000000
38 66 1.000000
39 66 1.000000
40 66 1.000000
41 66 1.000000
42 66 1.000000
43 66 1.000000
44 66 1.000000
45 66 1.000000
46 66 1.000000
47 66 1.000000
48 66 1.000000
49 66 1.000000
50 66 1.000000
51 66 1.000000

0 67 0.000000
1 67 1.000000
2 67 1.000000
3 67 1.000000
4 67 1.000000
5 67 1.000000
6 67 1.000000
7 67 1.000000
8 67 1.000000
9 67 1.000000
10 67 1.000000
11 67 1.000000
12 67 1.000000
13 67 1.000000
14 67 1.000000
15 67 1.000000
16 67 1.000000
17 67 1.000000
18 67 1.000000
19 67 1.000000
20 67 1.000000
21 67 1.000000
22 67 1.000000
23 67 1.000000
24 67 1.000000
25 67 1.000000
26 67 1.000000
27 67 1.000000
28 67 1.000000
29 67 1.000000
30 67 1.000000
31 67 1.000000
32 67 1.000000
33 67 1.000000
34 67 1.000000
35 67 1.000000
36 67 1.000000
37 67 1.000000
38 67 1.000000
39 67 1.000000
40 67 1.000000
41 67 1.000000
42 67 1.000000
43 67 1.000000
44 67 1.000000
45 67 1.000000
46 67 1.000000
47 67 1.000000
48 67 1.000000
49 67 1.000000
50 67 1.000000
51 67 1.000000

0 68 0.000000
1 68 1.000000
2 68 1.000000
3 68 1.000000
4 68 1.000000
5 68 1.000000
6 68 1.000000
7 68 1.000000
8 68 1.000000
9 68 1.000000
10 68 1.000000
11 68 1.000000
12 68 1.000000
13 68 1.000000
14 68 1.000000
15 68 1.000000
16 68 1.000000
17 68 1.000000
18 68 1.000000
19 68 1.000000
20 68 1.000000
21 68 1.000000
22 68 1.000000
23 68 1.000000
24 68 1.000000
25 68 1.000000
26 68 1.000000
27 68 1.000000
28 68 1.000000
29 68 1.000000
30 68 1.000000
31 68 1.000000
32 68 1.000000
33 68 1.000000
34 68 1.000000
35 68 1.000000
36 68 1.000000
37 68 1.000000
38 68 1.000000
39 68 1.000000
40 68 1.000000
41 68 1.000000
42 68 1.000000
43 68 1.000000
44 68 1.000000
45 68 1.000000
46 68 1.000000
47 68 1.000000
48 68 1.000000
49 68 1.000000
50 68 1.000000
51 68 1.000000

0 69 0.000000
1 69 1.000000
2 69 1.000000
3 69 1.000000
4 69 1.000000
5 69 1.000000
6 69 1.000000
7 69 1.000000
8 69 1.000000
9 69 1.000000
10 69 1.000000
11 69 1.000000
12 69 1.000000
13 69 1.000000
14 69 1.000000
15 69 1.000000
16 69 1.000000
17 69 1.000000
18 69 1.000000
19 69 1.000000
20 69 1.000000
21 69 1.000000
22 69 1.000000
23 69 1.000000
24 69 1.000000
25 69 1.000000
26 69 1.000000
27 69 1.000000
28 69 1.000000
29 69 1.000000
30 69 1.000000
31 69 1.000000
32 69 1.000000
33 69 1.000000
34 69 1.000000
35 69 1.000000
36 69 1.000000
37 69 1.000000
38 69 1.000000
39 69 1.000000
40 69 1.000000
41 69 1.000000
42 69 1.000000
43 69 1.000000
44 69 1.000000
45 69 1.000000
46 69 1.000000
47 69 1.000000
48 69 1.000000
49 69 1.000000
50 69 1.000000
51 69 1.000000

0 70 0.000000
1 70 1.000000
2 70 1.000000
3 70 1.000000
4 70 1.000000
5 70 1.000000
6 70 1.000000
7 70 1.000000
8 70 1.000000
9 70 1.000000
10 70 1.000000
11 70 1.000000
12 70 1.000000
13 70 1.000000
14 70 1.000000
15 70 1.000000
16 70 1.000000
17 70 1.000000
18 70 1.000000
19 70 1.000000
20 70 1.000000
21 70 1.000000
22 70 1.000000
23 70 1.000000
24 70 1.000000
25 70 1.000000
26 70 1.000000
27 70 1.000000
28 70 1.000000
29 70 1.000000
30 70 1.000000
31 70 1.000000
32 70 1.000000
33 70 1.000000
34 70 1.000000
35 70 1.000000
36 70 1.000000
37 70 1.000000
38 70 1.000000
39 70 1.000000
40 70 1.000000
41 70 1.000000
42 70 1.000000
43 70 1.000000
44 70 1.000000
45 70 1.000000
46 70 1.000000
47 70 1.000000
48 70 1.000000
49 70 1.000000
50 70 1.000000
51 70 1.000000

0 71 0.000000
1 71 1.000000
2 71 1.000000
3 71 1.000000
4 71 1.000000
5 71 1.000000
6 71 1.000000
7 71 1.000000
8 71 1.000000
9 71 1.000000
10 71 1.000000
11 71 1.000000
12 71 1.000000
13 71 1.000000
14 71 1.000000
15 71 1.000000
16 71 1.000000
17 71 1.000000
18 71 1.000000
19 71 1.000000
20 71 1.000000
21 71 1.000000
22 71 1.000000
23 71 1.000000
24 71 1.000000
25 71 1.000000
26 71 1.000000
27 71 1.000000
28 71 1.000000
29 71 1.000000
30 71 1.000000
31 71 1.000000
32 71 1.000000
33 71 1.000000
34 71 1.000000
35 71 1.000000
36 71 1.000000
37 71 1.000000
38 71 1.000000
39 71 1.000000
40 71 1.000000
41 71 1.000000
42 71 1.000000
43 71 1.000000
44 71 1.000000
45 71 1.000000
46 71 1.000000
47 71 1.000000
48 71 1.000000
49 71 1.000000
50 71 1.000000
51 71 1.000000

0 72 0.000000
1 72 1.000000
2 72 1.000000
3 72 1.000000
4 72 1.000000
5 72 1.000000
6 72 1.000000
7 72 1.000000
8 72 1.000000
9 72 1.000000
10 72 1.000000
11 72 1.000000
12 72 1.000000
13 72 1.000000
14 72 1.000000
15 72 1.000000
16 72 1.000000
17 72 1.000000
18 72 1.000000
19 72 1.000000
20 72 1.000000
21 72 1.000000
22 72 1.000000
23 72 1.000000
24 72 1.000000
25 72 1.000000
26 72 1.000000
27 72 1.000000
28 72 1.000000
29 72 1.000000
30 72 1.000000
31 72 1.000000
32 72 1.000000
33 72 1.000000
34 72 1.000000
35 72 1.000000
36 72 1.000000
37 72 1.000000
38 72 1.000000
39 72 1.000000
40 72 1.000000
41 72 1.000000
42 72 1.000000
43 72 1.000000
44 72 1.000000
45 72 1.000000
46 72 1.000000
47 72 1.000000
48 72 1.000000
49 72 1.000000
50 72 1.000000
51 72 1.000000

0 73 0.000000
1 73 1.000000
2 73 1.000000
3 73 1.000000
4 73 1.000000
5 73 1.000000
6 73 1.000000
7 73 1.000000
8 73 1.000000
9 73 1.000000
10 73 1.000000
11 73 1.000000
12 73 1.000000
13 73 1.000000
14 73 1.000000
15 73 1.000000
16 73 1.000000
17 73 1.000000
18 73 1.000000
19 73 1.000000
20 73 1.000000
21 73 1.000000
22 73 1.000000
23 73 1.000000
24 73 1.000000
25 73 1.000000
26 73 1.000000
27 73 1.000000
28 73 1.000000
29 73 1.000000
30 73 1.000000
31 73 1.000000
32 73 1.000000
33 73 1.000000
34 73 1.000000
35 73 1.000000
36 73 1.000000
37 73 1.000000
38 73 1.000000
39 73 1.000000
40 73 1.000000
41 73 1.000000
42 73 1.000000
43 73 1.000000
44 73 1.000000
45 73 1.000000
46 73 1.000000
47 73 1.000000
48 73 1.000000
49 73 1.000000
50 73 1.000000
51 73 1.000000

0 74 0.000000
1 74 1.000000
2 74 1.000000
3 74 1.000000
4 74 1.000000
5 74 1.000000
6 74 1.000000
7 74 1.000000
8 74 1.000000
9 74 1.000000
10 74 1.000000
11 74 1.000000
12 74 1.000000
13 74 1.000000
14 74 1.000000
15 74 1.000000
16 74 1.000000
17 74 1.000000
18 74 1.000000
19 74 1.000000
20 74 1.000000
21 74 1.000000
22 74 1.000000
23 74 1.000000
24 74 1.000000
25 74 1.000000
26 74 1.000000
27 74 1.000000
28 74 1.000000
29 74 1.000000
30 74 1.000000
31 74 1.000000
32 74 1.000000
33 74 1.000000
34 74 1.000000
35 74 1.000000
36 74 1.000000
37 74 1.000000
38 74 1.000000
39 74 1.000000
40 74 1.000000
41 74 1.000000
42 74 1.000000
43 74 1.000000
44 74 1.000000
45 74 1.000000
46 74 1.000000
47 74 1.000000
48 74 1.000000
49 74 1.000000
50 74 1.000000
51 74 1.000000

0 75 0.000000
1 75 1.000000
2 75 1.000000
3 75 1.000000
4 75 1.000000
5 75 1.000000
6 75 1.000000
7 75 1.000000
8 75 1.000000
9 75 1.000000
10 75 1.000000
11 75 1.000000
12 75 1.000000
13 75 1.000000
14 75 1.000000
15 75 1.000000
16 75 1.000000
17 75 1.000000
18 75 1.000000
19 75 1.000000
20 75 1.000000
21 75 1.000000
22 75 1.000000
23 75 1.000000
24 75 1.000000
25 75 1.000000
26 75 1.000000
27 75 1.000000
28 75 1.000000
29 75 1.000000
30 75 1.000000
31 75 1.000000
32 75 1.000000
33 75 1.000000
34 75 1.000000
35 75 1.000000
36 75 1.000000
37 75 1.000000
38 75 1.000000
39 75 1.000000
40 75 1.000000
41 75 1.000000
42 75 1.000000
43 75 1.000000
44 75 1.000000
45 75 1.000000
46 75 1.000000
47 75 1.000000
48 75 1.000000
49 75 1.000000
50 75 1.000000
51 75 1.000000

0 76 0.000000
1 76 1.000000
2 76 1.000000
3 76 1.000000
4 76 1.000000
5 76 1.000000
6 76 1.000000
7 76 1.000000
8 76 1.000000
9 76 1.000000
10 76 1.000000
11 76 1.000000
12 76 1.000000
13 76 1.000000
14 76 1.000000
15 76 1.000000
16 76 1.000000
17 76 1.000000
18 76 1.000000
19 76 1.000000
20 76 1.000000
21 76 1.000000
22 76 1.000000
23 76 1.000000
24 76 1.000000
25 76 1.000000
26 76 1.000000
27 76 1.000000
28 76 1.000000
29 76 1.000000
30 76 1.000000
31 76 1.000000
32 76 1.000000
33 76 1.000000
34 76 1.000000
35 76 1.000000
36 76 1.000000
37 76 1.000000
38 76 1.000000
39 76 1.000000
40 76 1.000000
41 76 1.000000
42 76 1.000000
43 76 1.000000
44 76 1.000000
45 76 1.000000
46 76 1.000000
47 76 1.000000
48 76 1.000000
49 76 1.000000
50 76 1.000000
51 76 1.000000

0 77 0.000000
1 77 1.000000
2 77 1.000000
3 77 1.000000
4 77 1.000000
5 77 1.000000
6 77 1.000000
7 77 1.000000
8 77 1.000000
9 77 1.000000
10 77 1.000000
11 77 1.000000
12 77 1.000000
13 77 1.000000
14 77 1.000000
15 77 1.000000
16 77 1.000000
17 77 1.000000
18 77 1.000000
19 77 1.000000
20 77 1.000000
21 77 1.000000
22 77 1.000000
23 77 1.000000
24 77 1.000000
25 77 1.000000
26 77 1.000000
27 77 1.000000
28 77 1.000000
29 77 1.000000
30 77 1.000000
31 77 1.000000
32 77 1.000000
33 77 1.000000
34 77 1.000000
35 77 1.000000
36 77 1.000000
37 77 1.000000
38 77 1.000000
39 77 1.000000
40 77 1.000000
41 77 1.000000
42 77 1.000000
43 77 1.000000
44 77 1.000000
45 77 1.000000
46 77 1.000000
47 77 1.000000
48 77 1.000000
49 77 1.000000
50 77 1.000000
51 77 1.000000

0 78 0.000000
1 78 1.000000
2 78 1.000000
3 78 1.000000
4 78 1.000000
5 78 1.000000
6 78 1.000000
7 78 1.000000
8 78 1.000000
9 78 1.000000
10 78 1.000000
11 78 1.000000
12 78 1.000000
13 78 1.000000
14 78 1.000000
15 78 1.000000
16 78 1.000000
17 78 1.000000
18 78 1.000000
19 78 1.000000
20 78 1.000000
21 78 1.000000
22 78 1.000000
23 78 1.000000
24 78 1.000000
25 78 1.000000
26 78 1.000000
27 78 1.000000
28 78 1.000000
29 78 1.000000
30 78 1.000000
31 78 1.000000
32 78 1.000000
33 78 1.000000
34 78 1.000000
35 78 1.000000
36 78 1.000000
37 78 1.000000
38 78 1.000000
39 78 1.000000
40 78 1.000000
41 78 1.000000
42 78 1.000000
43 78 1.000000
44 78 1.000000
45 78 1.000000
46 78 1.000000
47 78 1.000000
48 78 1.000000
49 78 1.000000
50 78 1.000000
51 78 1.000000

0 79 0.000000
1 79 1.000000
2 79 1.000000
3 79 1.000000
4 79 1.000000
5 79 1.000000
6 79 1.000000
7 79 1.000000
8 79 1.000000
9 79 1.000000
10 79 1.000000
11 79 1.000000
12 79 1.000000
13 79 1.000000
14 79 1.000000
15 79 1.000000
16 79 1.000000
17 79 1.000000
18 79 1.000000
19 79 1.000000
20 79 1.000000
21 79 1.000000
22 79 1.000000
23 79 1.000000
24 79 1.000000
25 79 1.000000
26 79 1.000000
27 79 1.000000
28 79 1.000000
29 79 1.000000
30 79 1.000000
31 79 1.000000
32 79 1.000000
33 79 1.000000
34 79 1.000000
35 79 1.000000
36 79 1.000000
37 79 1.000000
38 79 1.000000
39 79 1.000000
40 79 1.000000
41 79 1.000000
42 79 1.000000
43 79 1.000000
44 79 1.000000
45 79 1.000000
46 79 1.000000
47 79 1.000000
48 79 1.000000
49 79 1.000000
50 79 1.000000
51 79 1.000000

0 80 0.000000
1 80 1.000000
2 80 1.000000
3 80 1.000000
4 80 1.000000
5 80 1.000000
6 80 1.000000
7 80 1.000000
8 80 1.000000
9 80 1.000000
10 80 1.000000
11 80 1.000000
12 80 1.000000
13 80 1.000000
14 80 1.000000
15 80 1.000000
16 80 1.000000
17 80 1.000000
18 80 1.000000
19 80 1.000000
20 80 1.000000
21 80 1.000000
22 80 1.000000
23 80 1.000000
24 80 1.000000
25 80 1.000000
26 80 1.000000
27 80 1.000000
28 80 1.000000
29 80 1.000000
30 80 1.000000
31 80 1.000000
32 80 1.000000
33 80 1.000000
34 80 1.000000
35 80 1.000000
36 80 1.000000
37 80 1.000000
38 80 1.000000
39 80 1.000000
40 80 1.000000
41 80 1.000000
42 80 1.000000
43 80 1.000000
44 80 1.000000
45 80 1.000000
46 80 1.000000
47 80 1.000000
48 80 1.000000
49 80 1.000000
50 80 1.000000
51 80 1.000000

0 81 0.000000
1 81 1.000000
2 81 1.000000
3 81 1.000000
4 81 1.000000
5 81 1.000000
6 81 1.000000
7 81 1.000000
8 81 1.000000
9 81 1.000000
10 81 1.000000
11 81 1.000000
12 81 1.000000
13 81 1.000000
14 81 1.000000
15 81 1.000000
16 81 1.000000
17 81 1.000000
18 81 1.000000
19 81 1.000000
20 81 1.000000
21 81 1.000000
22 81 1.000000
23 81 1.000000
24 81 1.000000
25 81 1.000000
26 81 1.000000
27 81 1.000000
28 81 1.000000
29 81 1.000000
30 81 1.000000
31 81 1.000000
32 81 1.000000
33 81 1.000000
34 81 1.000000
35 81 1.000000
36 81 1.000000
37 81 1.000000
38 81 1.000000
39 81 1.000000
40 81 1.000000
41 81 1.000000
42 81 1.000000
43 81 1.000000
44 81 1.000000
45 81 1.000000
46 81 1.000000
47 81 1.000000
48 81 1.000000
49 81 1.000000
50 81 1.000000
51 81 1.000000

0 82 0.000000
1 82 1.000000
2 82 1.000000
3 82 1.000000
4 82 1.000000
5 82 1.000000
6 82 1.000000
7 82 1.000000
8 82 1.000000
9 82 1.000000
10 82 1.000000
11 82 1.000000
12 82 1.000000
13 82 1.000000
14 82 1.000000
15 82 1.000000
16 82 1.000000
17 82 1.000000
18 82 1.000000
19 82 1.000000
20 82 1.000000
21 82 1.000000
22 82 1.000000
23 82 1.000000
24 82 1.000000
25 82 1.000000
26 82 1.000000
27 82 1.000000
28 82 1.000000
29 82 1.000000
30 82 1.000000
31 82 1.000000
32 82 1.000000
33 82 1.000000
34 82 1.000000
35 82 1.000000
36 82 1.000000
37 82 1.000000
38 82 1.000000
39 82 1.000000
40 82 1.000000
41 82 1.000000
42 82 1.000000
43 82 1.000000
44 82 1.000000
45 82 1.000000
46 82 1.000000
47 82 1.000000
48 82 1.000000
49 82 1.000000
50 82 1.000000
51 82 1.000000

0 83 0.000000
1 83 1.000000
2 83 1.000000
3 83 1.000000
4 83 1.000000
5 83 1.000000
6 83 1.000000
7 83 1.000000
8 83 1.000000
9 83 1.000000
10 83 1.000000
11 83 1.000000
12 83 1.000000
13 83 1.000000
14 83 1.000000
15 83 1.000000
16 83 1.000000
17 83 1.000000
18 83 1.000000
19 83 1.000000
20 83 1.000000
21 83 1.000000
22 83 1.000000
23 83 1.000000
24 83 1.000000
25 83 1.000000
26 83 1.000000
27 83 1.000000
28 83 1.000000
29 83 1.000000
30 83 1.000000
31 83 1.000000
32 83 1.000000
33 83 1.000000
34 83 1.000000
35 83 1.000000
36 83 1.000000
37 83 1.000000
38 83 1.000000
39 83 1.000000
40 83 1.000000
41 83 1.000000
42 83 1.000000
43 83 1.000000
44 83 1.000000
45 83 1.000000
46 83 1.000000
47 83 1.000000
48 83 1.000000
49 83 1.000000
50 83 1.000000
51 83 1.000000

0 84 0.000000
1 84 1.000000
2 84 1.000000
3 84 1.000000
4 84 1.000000
5 84 1.000000
6 84 1.000000
7 84 1.000000
8 84 1.000000
9 84 1.000000
10 84 1.000000
11 84 1.000000
12 84 1.000000
13 84 1.000000
14 84 1.000000
15 84 1.000000
16 84 1.000000
17 84 1.000000
18 84 1.000000
19 84 1.000000
20 84 1.000000
21 84 1.000000
22 84 1.000000
23 84 1.000000
24 84 1.000000
25 84 1.000000
26 84 1.000000
27 84 1.000000
28 84 1.000000
29 84 1.000000
30 84 1.000000
31 84 1.000000
32 84 1.000000
33 84 1.000000
34 84 1.000000
35 84 1.000000
36 84 1.000000
37 84 1.000000
38 84 1.000000
39 84 1.000000
40 84 1.000000
41 84 1.000000
42 84 1.000000
43 84 1.000000
44 84 1.000000
45 84 1.000000
46 84 1.000000
47 84 1.000000
48 84 1.000000
49 84 1.000000
50 84 1.000000
51 84 1.000000

0 85 0.000000
1 85 1.000000
2 85 1.000000
3 85 1.000000
4 85 1.000000
5 85 1.000000
6 85 1.000000
7 85 1.000000
8 85 1.000000
9 85 1.000000
10 85 1.000000
11 85 1.000000
12 85 1.000000
13 85 1.000000
14 85 1.000000
15 85 1.000000
16 85 1.000000
17 85 1.000000
18 85 1.000000
19 85 1.000000
20 85 1.000000
21 85 1.000000
22 85 1.000000
23 85 1.000000
24 85 1.000000
25 85 1.000000
26 85 1.000000
27 85 1.000000
28 85 1.000000
29 85 1.000000
30 85 1.000000
31 85 1.000000
32 85 1.000000
33 85 1.000000
34 85 1.000000
35 85 1.000000
36 85 1.000000
37 85 1.000000
38 85 1.000000
39 85 1.000000
40 85 1.000000
41 85 1.000000
42 85 1.000000
43 85 1.000000
44 85 1.000000
45 85 1.000000
46 85 1.000000
47 85 1.000000
48 85 1.000000
49 85 1.000000
50 85 1.000000
51 85 1.000000

0 86 0.000000
1 86 1.000000
2 86 1.000000
3 86 1.000000
4 86 1.000000
5 86 1.000000
6 86 1.000000
7 86 1.000000
8 86 1.000000
9 86 1.000000
10 86 1.000000
11 86 1.000000
12 86 1.000000
13 86 1.000000
14 86 1.000000
15 86 1.000000
16 86 1.000000
17 86 1.000000
18 86 1.000000
19 86 1.000000
20 86 1.000000
21 86 1.000000
22 86 1.000000
23 86 1.000000
24 86 1.000000
25 86 1.000000
26 86 1.000000
27 86 1.000000
28 86 1.000000
29 86 1.000000
30 86 1.000000
31 86 1.000000
32 86 1.000000
33 86 1.000000
34 86 1.000000
35 86 1.000000
36 86 1.000000
37 86 1.000000
38 86 1.000000
39 86 1.000000
40 86 1.000000
41 86 1.000000
42 86 1.000000
43 86 1.000000
44 86 1.000000
45 86 1.000000
46 86 1.000000
47 86 1.000000
48 86 1.000000
49 86 1.000000
50 86 1.000000
51 86 1.000000

0 87 0.000000
1 87 1.000000
2 87 1.000000
3 87 1.000000
4 87 1.000000
5 87 1.000000
6 87 1.000000
7 87 1.000000
8 87 1.000000
9 87 1.000000
10 87 1.000000
11 87 1.000000
12 87 1.000000
13 87 1.000000
14 87 1.000000
15 87 1.000000
16 87 1.000000
17 87 1.000000
18 87 1.000000
19 87 1.000000
20 87 1.000000
21 87 1.000000
22 87 1.000000
23 87 1.000000
24 87 1.000000
25 87 1.000000
26 87 1.000000
27 87 1.000000
28 87 1.000000
29 87 1.000000
30 87 1.000000
31 87 1.000000
32 87 1.000000
33 87 1.000000
34 87 1.000000
35 87 1.000000
36 87 1.000000
37 87 1.000000
38 87 1.000000
39 87 1.000000
40 87 1.000000
41 87 1.000000
42 87 1.000000
43 87 1.000000
44 87 1.000000
45 87 1.000000
46 87 1.000000
47 87 1.000000
48 87 1.000000
49 87 1.000000
50 87 1.000000
51 87 1.000000

0 88 0.000000
1 88 1.000000
2 88 1.000000
3 88 1.000000
4 88 1.000000
5 88 1.000000
6 88 1.000000
7 88 1.000000
8 88 1.000000
9 88 1.000000
10 88 1.000000
11 88 1.000000
12 88 1.000000
13 88 1.000000
14 88 1.000000
15 88 1.000000
16 88 1.000000
17 88 1.000000
18 88 1.000000
19 88 1.000000
20 88 1.000000
21 88 1.000000
22 88 1.000000
23 88 1.000000
24 88 1.000000
25 88 1.000000
26 88 1.000000
27 88 1.000000
28 88 1.000000
29 88 1.000000
30 88 1.000000
31 88 1.000000
32 88 1.000000
33 88 1.000000
34 88 1.000000
35 88 1.000000
36 88 1.000000
37 88 1.000000
38 88 1.000000
39 88 1.000000
40 88 1.000000
41 88 1.000000
42 88 1.000000
43 88 1.000000
44 88 1.000000
45 88 1.000000
46 88 1.000000
47 88 1.000000
48 88 1.000000
49 88 1.000000
50 88 1.000000
51 88 1.000000

0 89 0.000000
1 89 1.000000
2 89 1.000000
3 89 1.000000
4 89 1.000000
5 89 1.000000
6 89 1.000000
7 89 1.000000
8 89 1.000000
9 89 1.000000
10 89 1.000000
11 89 1.000000
12 89 1.000000
13 89 1.000000
14 89 1.000000
15 89 1.000000
16 89 1.000000
17 89 1.000000
18 89 1.000000
19 89 1.000000
20 89 1.000000
21 89 1.000000
22 89 1.000000
23 89 1.000000
24 89 1.000000
25 89 1.000000
26 89 1.000000
27 89 1.000000
28 89 1.000000
29 89 1.000000
30 89 1.000000
31 89 1.000000
32 89 1.000000
33 89 1.000000
34 89 1.000000
35 89 1.000000
36 89 1.000000
37 89 1.000000
38 89 1.000000
39 89 1.000000
40 89 1.000000
41 89 1.000000
42 89 1.000000
43 89 1.000000
44 89 1.000000
45 89 1.000000
46 89 1.000000
47 89 1.000000
48 89 1.000000
49 89 1.000000
50 89 1.000000
51 89 1.000000

0 90 0.000000
1 90 1.000000
2 90 1.000000
3 90 1.000000
4 90 1.000000
5 90 1.000000
6 90 1.000000
7 90 1.000000
8 90 1.000000
9 90 1.000000
10 90 1.000000
11 90 1.000000
12 90 1.000000
13 90 1.000000
14 90 1.000000
15 90 1.000000
16 90 1.000000
17 90 1.000000
18 90 1.000000
19 90 1.000000
20 90 1.000000
21 90 1.000000
22 90 1.000000
23 90 1.000000
24 90 1.000000
25 90 1.000000
26 90 1.000000
27 90 1.000000
28 90 1.000000
29 90 1.000000
30 90 1.000000
31 90 1.000000
32 90 1.000000
33 90 1.000000
34 90 1.000000
35 90 1.000000
36 90 1.000000
37 90 1.000000
38 90 1.000000
39 90 1.000000
40 90 1.000000
41 90 1.000000
42 90 1.000000
43 90 1.000000
44 90 1.000000
45 90 1.000000
46 90 1.000000
47 90 1.000000
48 90 1.000000
49 90 1.000000
50 90 1.000000
51 90 1.000000

0 91 0.000000
1 91 1.000000
2 91 1.000000
3 91 1.000000
4 91 1.000000
5 91 1.000000
6 91 1.000000
7 91 1.000000
8 91 1.000000
9 91 1.000000
10 91 1.000000
11 91 1.000000
12 91 1.000000
13 91 1.000000
14 91 1.000000
15 91 1.000000
16 91 1.000000
17 91 1.000000
18 91 1.000000
19 91 1.000000
20 91 1.000000
21 91 1.000000
22 91 1.000000
23 91 1.000000
24 91 1.000000
25 91 1.000000
26 91 1.000000
27 91 1.000000
28 91 1.000000
29 91 1.000000
30 91 1.000000
31 91 1.000000
32 91 1.000000
33 91 1.000000
34 91 1.000000
35 91 1.000000
36 91 1.000000
37 91 1.000000
38 91 1.000000
39 91 1.000000
40 91 1.000000
41 91 1.000000
42 91 1.000000
43 91 1.000000
44 91 1.000000
45 91 1.000000
46 91 1.000000
47 91 1.000000
48 91 1.000000
49 91 1.000000
50 91 1.000000
51 91 1.000000

0 92 0.000000
1 92 1.000000
2 92 1.000000
3 92 1.000000
4 92 1.000000
5 92 1.000000
6 92 1.000000
7 92 1.000000
8 92 1.000000
9 92 1.000000
10 92 1.000000
11 92 1.000000
12 92 1.000000
13 92 1.000000
14 92 1.000000
15 92 1.000000
16 92 1.000000
17 92 1.000000
18 92 1.000000
19 92 1.000000
20 92 1.000000
21 92 1.000000
22 92 1.000000
23 92 1.000000
24 92 1.000000
25 92 1.000000
26 92 1.000000
27 92 1.000000
28 92 1.000000
29 92 1.000000
30 92 1.000000
31 92 1.000000
32 92 1.000000
33 92 1.000000
34 92 1.000000
35 92 1.000000
36 92 1.000000
37 92 1.000000
38 92 1.000000
39 92 1.000000
40 92 1.000000
41 92 1.000000
42 92 1.000000
43 92 1.000000
44 92 1.000000
45 92 1.000000
46 92 1.000000
47 92 1.000000
48 92 1.000000
49 92 1.000000
50 92 1.000000
51 92 1.000000

0 93 0.000000
1 93 1.000000
2 93 1.000000
3 93 1.000000
4 93 1.000000
5 93 1.000000
6 93 1.000000
7 93 1.000000
8 93 1.000000
9 93 1.000000
10 93 1.000000
11 93 1.000000
12 93 1.000000
13 93 1.000000
14 93 1.000000
15 93 1.000000
16 93 1.000000
17 93 1.000000
18 93 1.000000
19 93 1.000000
20 93 1.000000
21 93 1.000000
22 93 1.000000
23 93 1.000000
24 93 1.000000
25 93 1.000000
26 93 1.000000
27 93 1.000000
28 93 1.000000
29 93 1.000000
30 93 1.000000
31 93 1.000000
32 93 1.000000
33 93 1.000000
34 93 1.000000
35 93 1.000000
36 93 1.000000
37 93 1.000000
38 93 1.000000
39 93 1.000000
40 93 1.000000
41 93 1.000000
42 93 1.000000
43 93 1.000000
44 93 1.000000
45 93 1.000000
46 93 1.000000
47 93 1.000000
48 93 1.000000
49 93 1.000000
50 93 1.000000
51 93 1.000000

0 94 0.000000
1 94 1.000000
2 94 1.000000
3 94 1.000000
4 94 1.000000
5 94 1.000000
6 94 1.000000
7 94 1.000000
8 94 1.000000
9 94 1.000000
10 94 1.000000
11 94 1.000000
12 94 1.000000
13 94 1.000000
14 94 1.000000
15 94 1.000000
16 94 1.000000
17 94 1.000000
18 94 1.000000
19 94 1.000000
20 94 1.000000
21 94 1.000000
22 94 1.000000
23 94 1.000000
24 94 1.000000
25 94 1.000000
26 94 1.000000
27 94 1.000000
28 94 1.000000
29 94 1.000000
30 94 1.000000
31 94 1.000000
32 94 1.000000
33 94 1.000000
34 94 1.000000
35 94 1.000000
36 94 1.000000
37 94 1.000000
38 94 1.000000
39 94 1.000000
40 94 1.000000
41 94 1.000000
42 94 1.000000
43 94 1.000000
44 94 1.000000
45 94 1.000000
46 94 1.000000
47 94 1.000000
48 94 1.000000
49 94 1.000000
50 94 1.000000
51 94 1.000000

0 95 0.000000
1 95 1.000000
2 95 1.000000
3 95 1.000000
4 95 1.000000
5 95 1.000000
6 95 1.000000
7 95 1.000000
8 95 1.000000
9 95 1.000000
10 95 1.000000
11 95 1.000000
12 95 1.000000
13 95 1.000000
14 95 1.000000
15 95 1.000000
16 95 1.000000
17 95 1.000000
18 95 1.000000
19 95 1.000000
20 95 1.000000
21 95 1.000000
22 95 1.000000
23 95 1.000000
24 95 1.000000
25 95 1.000000
26 95 1.000000
27 95 1.000000
28 95 1.000000
29 95 1.000000
30 95 1.000000
31 95 1.000000
32 95 1.000000
33 95 1.000000
34 95 1.000000
35 95 1.000000
36 95 1.000000
37 95 1.000000
38 95 1.000000
39 95 1.000000
40 95 1.000000
41 95 1.000000
42 95 1.000000
43 95 1.000000
44 95 1.000000
45 95 1.000000
46 95 1.000000
47 95 1.000000
48 95 1.000000
49 95 1.000000
50 95 1.000000
51 95 1.000000

0 96 0.000000
1 96 1.000000
2 96 1.000000
3 96 1.000000
4 96 1.000000
5 96 1.000000
6 96 1.000000
7 96 1.000000
8 96 1.000000
9 96 1.000000
10 96 1.000000
11 96 1.000000
12 96 1.000000
13 96 1.000000
14 96 1.000000
15 96 1.000000
16 96 1.000000
17 96 1.000000
18 96 1.000000
19 96 1.000000
20 96 1.000000
21 96 1.000000
22 96 1.000000
23 96 1.000000
24 96 1.000000
25 96 1.000000
26 96 1.000000
27 96 1.000000
28 96 1.000000
29 96 1.000000
30 96 1.000000
31 96 1.000000
32 96 1.000000
33 96 1.000000
34 96 1.000000
35 96 1.000000
36 96 1.000000
37 96 1.000000
38 96 1.000000
39 96 1.000000
40 96 1.000000
41 96 1.000000
42 96 1.000000
43 96 1.000000
44 96 1.000000
45 96 1.000000
46 96 1.000000
47 96 1.000000
48 96 1.000000
49 96 1.000000
50 96 1.000000
51 96 1.000000

0 97 0.000000
1 97 1.000000
2 97 1.000000
3 97 1.000000
4 97 1.000000
5 97 1.000000
6 97 1.000000
7 97 1.000000
8 97 1.000000
9 97 1.000000
10 97 1.000000
11 97 1.000000
12 97 1.000000
13 97 1.000000
14 97 1.000000
15 97 1.000000
16 97 1.000000
17 97 1.000000
18 97 1.000000
19 97 1.000000
20 97 1.000000
21 97 1.000000
22 97 1.000000
23 97 1.000000
24 97 1.000000
25 97 1.000000
26 97 1.000000
27 97 1.000000
28 97 1.000000
29 97 1.000000
30 97 1.000000
31 97 1.000000
32 97 1.000000
33 97 1.000000
34 97 1.000000
35 97 1.000000
36 97 1.000000
37 97 1.000000
38 97 1.000000
39 97 1.000000
40 97 1.000000
41 97 1.000000
42 97 1.000000
43 97 1.000000
44 97 1.000000
45 97 1.000000
46 97 1.000000
47 97 1.000000
48 97 1.000000
49 97 1.000000
50 97 1.000000
51 97 1.000000

0 98 0.000000
1 98 1.000000
2 98 1.000000
3 98 1.000000
4 98 1.000000
5 98 1.000000
6 98 1.000000
7 98 1.000000
8 98 1.000000
9 98 1.000000
10 98 1.000000
11 98 1.000000
12 98 1.000000
13 98 1.000000
14 98 1.000000
15 98 1.000000
16 98 1.000000
17 98 1.000000
18 98 1.000000
19 98 1.000000
20 98 1.000000
21 98 1.000000
22 98 1.000000
23 98 1.000000
24 98 1.000000
25 98 1.000000
26 98 1.000000
27 98 1.000000
28 98 1.000000
29 98 1.000000
30 98 1.000000
31 98 1.000000
32 98 1.000000
33 98 1.000000
34 98 1.000000
35 98 1.000000
36 98 1.000000
37 98 1.000000
38 98 1.000000
39 98 1.000000
40 98 1.000000
41 98 1.000000
42 98 1.000000
43 98 1.000000
44 98 1.000000
45 98 1.000000
46 98 1.000000
47 98 1.000000
48 98 1.000000
49 98 1.000000
50 98 1.000000
51 98 1.000000

0 99 0.000000
1 99 1.000000
2 99 1.000000
3 99 1.000000
4 99 1.000000
5 99 1.000000
6 99 1.000000
7 99 1.000000
8 99 1.000000
9 99 1.000000
10 99 1.000000
11 99 1.000000
12 99 1.000000
13 99 1.000000
14 99 1.000000
15 99 1.000000
16 99 1.000000
17 99 1.000000
18 99 1.000000
19 99 1.000000
20 99 1.000000
21 99 1.000000
22 99 1.000000
23 99 1.000000
24 99 1.000000
25 99 1.000000
26 99 1.000000
27 99 1.000000
28 99 1.000000
29 99 1.000000
30 99 1.000000
31 99 1.000000
32 99 1.000000
33 99 1.000000
34 99 1.000000
35 99 1.000000
36 99 1.000000
37 99 1.000000
38 99 1.000000
39 99 1.000000
40 99 1.000000
41 99 1.000000
42 99 1.000000
43 99 1.000000
44 99 1.000000
45 99 1.000000
46 99 1.000000
47 99 1.000000
48 99 1.000000
49 99 1.000000
50 99 1.000000
51 99 1.000000

0 100 0.000000
1 100 1.000000
2 100 1.000000
3 100 1.000000
4 100 1.000000
5 100 1.000000
6 100 1.000000
7 100 1.000000
8 100 1.000000
9 100 1.000000
10 100 1.000000
11 100 1.000000
12 100 1.000000
13 100 1.000000
14 100 1.000000
15 100 1.000000
16 100 1.000000
17 100 1.000000
18 100 1.000000
19 100 1.000000
20 100 1.000000
21 100 1.000000
22 100 1.000000
23 100 1.000000
24 100 1.000000
25 100 1.000000
26 100 1.000000
27 100 1.000000
28 100 1.000000
29 100 1.000000
30 100 1.000000
31 100 1.000000
32 100 1.000000
33 100 1.000000
34 100 1.000000
35 100 1.000000
36 100 1.000000
37 100 1.000000
38 100 1.000000
39 100 1.000000
40 100 1.000000
41 100 1.000000
42 100 1.000000
43 100 1.000000
44 100 1.000000
45 100 1.000000
46 100 1.000000
47 100 1.000000
48 100 1.000000
49 100 1.000000
50 100 1.000000
51 100 1.000000

0 101 0.000000
1 101 0.000000
2 101 0.000000
3 101 0.000000
4 101 0.000000
5 101 0.000000
6 101 0.000000
7 101 0.000000
8 101 0.000000
9 101 0.000000
10 101 0.000000
11 101 0.000000
12 101 0.000000
13 101 0.000000
14 101 0.000000
15 101 0.000000
16 101 0.000000
17 101 0.000000
18 101 0.000000
19 101 0.000000
20 101 0.000000
21 101 0.000000
22 101 0.000000
23 101 0.000000
24 101 0.000000
25 101 0.000000
26 101 0.000000
27 101 0.000000
28 101 0.000000
29 101 0.000000
30 101 0.000000
31 101 0.000000
32 101 0.000000
33 101 0.000000
34 101 0.000000
35 101 0.000000
36 101 0.000000
37 101 0.000000
38 101 0.000000
39 101 0.000000
40 101 0.000000
41 101 0.000000
42 101 0.000000
43 101 0.000000
44 101 0.000000
45 101 0.000000
46 101 0.000000
47 101 0.000000
48 101 0.000000
49 101 0.000000
50 101 0.000000
51 101 0.000000

e
